-8 0.00315158303152268
-6.947368421052632 0.003927065681704263
-5.894736842105264 0.005026458550034925
-4.842105263157895 0.006657196507290912
-3.7894736842105265 0.009221560782629678
-2.7368421052631584 0.013581121488281339
-1.6842105263157894 0.021841830243746137
-0.6315789473684212 0.04016423240557442
0.4210526315789469 0.09112598644912641
1.473684210526315 0.2492621885300398
2.526315789473683 0.2492621885300402
3.578947368421053 0.09112598644912641
4.631578947368421 0.04016423240557442
5.684210526315789 0.021841830243746137
6.7368421052631575 0.013581121488281344
7.789473684210527 0.009221560782629677
8.842105263157894 0.006657196507290914
9.894736842105264 0.005026458550034925
10.94736842105263 0.003927065681704265
12 0.00315158303152268


-8 0.00315158303152268 0.00315158303152268 0.0006810103143160707 0
-7.9 0.00321492663552965 0.0032197343305828165 0.0006825183431719461 0.0003185646114145605
-7.8 0.003280192561663135 0.003288187235414128 0.0006870424297395724 0.0006439569196422698
-7.7 0.0033474591038362683 0.003357243351787789 0.0006945825740189496 0.0009762221655487981
-7.6 0.003416808567880965 0.0034272042854749762 0.0007051387760100776 0.0013154357505769459
-7.5 0.0034883275198223634 0.003498371642246863 0.0007187110357129564 0.0016617032367466174
-7.4 0.0035621070521910324 0.0035710470278746257 0.000735299353127586 0.002015160346654845
-7.3 0.003638243069879879 0.003645532048129439 0.0007549037282539667 0.002375972963475778
-7.2 0.003716836597195128 0.003722128308782477 0.000777524161092098 0.002744337130960674
-7.1 0.0037979941079082534 0.003801137415604917 0.0008031606516419804 0.003120479053437921
-7 0.0038818278802901307 0.003882860974367932 0.0008318131999036135 0.003504655095813011
-6.9 0.003968456379301716 0.003967598051379553 0.0008633209732111481 0.0038971517534959733
-6.8 0.004058004668329815 0.004055581401259979 0.00089660976820379 0.004298282985465458
-6.7 0.004150604853094155 0.004146972753781591 0.0009314810260348115 0.004708381633836009
-6.6 0.004246396560616205 0.004241930355228222 0.000967934746704213 0.005127796411185944
-6.5 0.004345527456434003 0.004340612451883712 0.0010059709302119941 0.00555689185472195
-6.4 0.004448153803574492 0.0044431772900319 0.001045589576558155 0.0059960483262791065
-6.3 0.004554441067159689 0.004549783115956623 0.0010867906857426957 0.006445662012320882
-6.2 0.00466456456893011 0.004660588175941717 0.001129574257765616 0.0069061449239391105
-6.1 0.00477871019642382 0.004775750716271025 0.0011739402926269165 0.007377924896854033
-6 0.004897075172058319 0.004895428983228381 0.0012198887903265962 0.007861445591414253
-5.9 0.0050198688879323555 0.005019781223097623 0.0012674197508646557 0.00835716649259677
-5.8 0.0051473138128038595 0.005148962034454997 0.0013164176635005798 0.008865562823613893
-5.699999999999999 0.005279646478417495 0.005283108925065692 0.001366740991925772 0.00938712443548291
-5.6 0.005417118553161857 0.0054223544014826396 0.0014183893796256004 0.009922354561487242
-5.5 0.005559998011943942 0.0055668309696333 0.0014713628266000663 0.010471769685503892
-5.4 0.0057085704121913675 0.005716671135445139 0.0015256613328491688 0.011035899542002604
-5.3 0.005863140287047167 0.005872007404845622 0.0015812848983729091 0.011615287116045874
-5.199999999999999 0.006024032668126244 0.00603297228376221 0.0016382335231712865 0.012210488643288938
-5.1 0.006191594751678481 0.006199698278122367 0.0016965072072443004 0.012822073609979768
-5 0.006366197723675813 0.006372317893853558 0.0017561059505919513 0.013450624752959106
-4.9 0.006548238761238235 0.006550963636883244 0.0018170297532142392 0.014096738059660427
-4.8 0.006738143229970167 0.0067357835478027775 0.001880385459912881 0.014761022931632735
-4.699999999999999 0.006936367099232746 0.00692746073321442 0.001955460190352282 0.01544412258340823
-4.6 0.007143399600174836 0.007127335974279701 0.0020443465729856874 0.016146788346797405
-4.5 0.007359766154538513 0.007336790436218022 0.0021470446078130966 0.016869909085626602
-4.4 0.0075860316059054005 0.007557205284248785 0.00226355429483451 0.017614511780244087
-4.3 0.00782280378923054 0.007789961683591392 0.0023938756340499295 0.018381761527520087
-4.2 0.008070737479305036 0.008036440799465238 0.0025380086254593514 0.01917296154084674
-4.1 0.008330538764297062 0.00829802379708973 0.0026959532690627804 0.01998955315013816
-4 0.008602969896859207 0.008576091841684261 0.002867709564860212 0.02083311580183036
-3.9000000000000004 0.00888885468259678 0.008872026098468237 0.003053277512851647 0.02170536705888132
-3.8 0.009189084474127907 0.009187207732661058 0.003252657113037089 0.02260816260077097
-3.7 0.009504624848724713 0.009522706779082273 0.003455416346127518 0.023543489264005353
-3.5999999999999996 0.009836523058831603 0.009877883163592048 0.0036460696194759194 0.024513359883411287
-3.5 0.010185916357881302 0.010251512358059049 0.0038244725452720625 0.025519680990389006
-3.3999999999999995 0.010554041319091205 0.010642369327728054 0.0039906251235159495 0.026564236614196497
-3.3000000000000007 0.010942244282701637 0.011049229037843826 0.004144527354207576 0.027648688280616167
-3.2 0.011351993087867 0.011470866453651158 0.004286179237346947 0.028774575011954975
-3.0999999999999996 0.011784890269670148 0.011906056540394814 0.004415580772934063 0.02994331332704429
-3 0.012242687930145794 0.012353574263319561 0.004532731960968918 0.031156197241239976
-2.9000000000000004 0.012727304525541407 0.012812194587670184 0.004637632801451516 0.03241439826642239
-2.8 0.013240843851239215 0.01328069247869146 0.004730283294381858 0.033718965410996365
-2.6999999999999993 0.01378561655191818 0.013757972733472205 0.004821255461347088 0.03507082637571082
-2.5999999999999996 0.014364164538979726 0.014249073662806875 0.005024683984379837 0.03647100917175558
-2.5 0.014979288761590149 0.014767693702154874 0.005371637661613749 0.037921558411939296
-2.3999999999999995 0.015634080853820762 0.01532818536693633 0.005862116493048832 0.03942594363303434
-2.3000000000000007 0.016331959270589565 0.015944901172571344 0.00649612047868507 0.04098906962335501
-2.2 0.01707671063217761 0.016632193634480045 0.007273649618522485 0.04261727642275772
-2.1000000000000005 0.017872537124300425 0.017404415268082545 0.008194703912561059 0.044318339322640815
-2 0.018724110951987685 0.01827591858879897 0.00925928336080081 0.0461014688659447
-1.9000000000000004 0.019636637025526874 0.019261056112049414 0.010467387963241714 0.04797731084715175
-1.7999999999999998 0.020615925270970902 0.02037418035325402 0.011819017719883796 0.04995794631228639
-1.7000000000000002 0.021668474212647424 0.021629643827832876 0.013314172630727034 0.05205689155891502
-1.5999999999999996 0.022801567778208506 0.02303793274759915 0.014815115629772823 0.05428901674028071
-1.5 0.024023387636512503 0.024584527892517208 0.016075964532797058 0.05666908906486733
-1.3999999999999995 0.02534314380444194 0.026244961107000295 0.01709187702107324 0.05920971692110299
-1.2999999999999998 0.026771226760621592 0.027994738749573585 0.017862853094601342 0.0619210594338704
-1.1999999999999993 0.028319384891796338 0.029809367178762296 0.01838889275338139 0.0648108263639049
-1.1000000000000005 0.03000093177981061 0.03166435275309158 0.018669995997413365 0.0678842781077942
-1 0.03183098861837907 0.03353520183108669 0.018706162826697282 0.07114422569797872
-0.9000000000000004 0.033826767926013884 0.035397420771272774 0.01849739324123313 0.07459103080275123
-0.8000000000000007 0.036007905676899384 0.03722651593217503 0.018043687241020925 0.07822260572625712
-0.7000000000000002 0.03839684996185653 0.03899799367231869 0.017345044826060644 0.0820344134084943
-0.5999999999999996 0.04101931522986994 0.040688537400705126 0.01651328579159284 0.08601947671781687
-0.5 0.043904811887419404 0.042355267758184954 0.017154266641488915 0.09017113282505311
-0.40000000000000036 0.047087261269791514 0.04418597978569989 0.01979291919229479 0.09449599632512166
-0.2999999999999998 0.050605705275642406 0.04638044065334091 0.024429243444010512 0.09902045374353063
-0.1999999999999993 0.054505117497224455 0.049138417531199005 0.03106323939663607 0.10379086832279713
-0.09999999999999964 0.058837317224360586 0.05265967758936512 0.039694907050171375 0.10887358002244737
0 0.06366197723675814 0.057143987997930246 0.05032424640461648 0.11435490551901675
0.10000000000000142 0.06904769765375078 0.06279111592698548 0.06295125745997163 0.12034113820604983
0.1999999999999993 0.07507308636410154 0.06980082854662147 0.07757594021623607 0.1269585481940998
0.29999999999999893 0.08182773423747826 0.07837289302692953 0.09419829467341057 0.13435338231072969
0.40000000000000036 0.08941288937746933 0.08870707653800071 0.1128183208314952 0.14269186410051127
0.5 0.09794150344116635 0.10095468587518774 0.13159452445045006 0.1521592373702605
0.5999999999999996 0.10753712371074006 0.1148965177568851 0.14659020006601411 0.1629393011555178
0.6999999999999993 0.11833081270772877 0.13014234326489363 0.15767439697667343 0.1751820073758478
0.8000000000000007 0.13045487138679954 0.14630101452872313 0.16484711518242803 0.18899819800035736
0.9000000000000004 0.14403162270759765 0.16298138367788256 0.16810835468327776 0.20445960021110354
1 0.15915494309189535 0.17979230284188177 0.16745811547922268 0.22159882640309508
1.0999999999999996 0.17586181557115502 0.19634262415023018 0.16289639757026286 0.24040937418429142
1.200000000000001 0.1940913940145067 0.21224119973243766 0.15442320095639817 0.2608456263756033
1.3000000000000007 0.21363079609650396 0.22709688171801318 0.14203852563762875 0.28282285101089144
1.3999999999999986 0.2340513868998458 0.24051852223646625 0.12574237161395496 0.30621720133696795
1.5 0.25464790894703254 0.2521161614788276 0.10567017789870345 0.33086572362979166
1.5999999999999996 0.2744050742963712 0.26162647748971085 0.08453614231896292 0.35657046727453495
1.6999999999999993 0.292027418517239 0.2690233899426201 0.06340210673922238 0.3831205723424679
1.8000000000000007 0.306067198253645 0.2743068988375554 0.042268071159481446 0.4103046984777935
1.9000000000000004 0.315158303152268 0.27747700417451654 0.021134035579740862 0.43791150532471346
2 0.3183098861837907 0.2785337059535035 0.0000000000000002615963001773015 0.4657296525274308
2.0999999999999996 0.315158303152268 0.27747700417451654 -0.021134035579740345 0.4935477997301482
2.1999999999999993 0.306067198253645 0.2743068988375555 -0.042268071159480995 0.521154606577068
2.3000000000000007 0.292027418517239 0.26902338994262026 -0.06340210673922203 0.5483387327123938
2.4000000000000004 0.2744050742963712 0.2616264774897111 -0.08453614231896268 0.5748888377803266
2.5 0.25464790894703254 0.25211616147882776 -0.1056701778987034 0.6005935814250699
2.6000000000000014 0.2340513868998458 0.24051852223646647 -0.12574237161395496 0.6252421037178937
2.700000000000001 0.2136307960965036 0.22709688171801312 -0.1420385256376291 0.6486364540439706
2.8000000000000007 0.1940913940145064 0.21224119973243757 -0.15442320095639847 0.6706136786792587
2.9000000000000004 0.17586181557115502 0.19634262415023032 -0.16289639757026306 0.6910499308705702
3 0.15915494309189535 0.17979230284188188 -0.1674581154792229 0.7098604786517666
3.1000000000000014 0.1440316227075974 0.16298138367788242 -0.16810835468327792 0.7269997048437584
3.200000000000001 0.13045487138679931 0.146301014528723 -0.16484711518242812 0.7424611070545046
3.299999999999999 0.118330812707729 0.130142343264894 -0.1576743969766738 0.7562772976790137
3.3999999999999986 0.10753712371074026 0.11489651775688542 -0.14659020006601453 0.7685200038993438
3.5 0.09794150344116635 0.10095468587518779 -0.13159452445045022 0.7793000676846012
3.5999999999999996 0.08941288937746933 0.08870707653800068 -0.11281832083149529 0.7887674409543505
3.6999999999999993 0.08182773423747838 0.07837289302692965 -0.09419829467341093 0.7971059227441318
3.799999999999999 0.07507308636410163 0.06980082854662156 -0.07757594021623636 0.8045007568607617
3.8999999999999986 0.06904769765375078 0.06279111592698544 -0.0629512574599716 0.8111181668488119
4 0.06366197723675814 0.05714398799793022 -0.05032424640461643 0.8171043995358449
4.1 0.058837317224360586 0.052659677589365086 -0.03969490705017131 0.8225857250324143
4.199999999999999 0.054505117497224455 0.04913841753119899 -0.031063239396636 0.8276684367320646
4.300000000000001 0.05060570527564237 0.046380440653340876 -0.024429243444010373 0.8324388513113311
4.4 0.047087261269791514 0.04418597978569988 -0.0197929191922947 0.83696330872974
4.5 0.043904811887419404 0.04235526775818496 -0.017154266641488822 0.8412881722298086
4.6 0.04101931522986994 0.04068853740070513 -0.016513285791592752 0.8454398283370448
4.699999999999999 0.038396849961856556 0.0389979936723187 -0.01734504482606059 0.8494248916463674
4.800000000000001 0.036007905676899384 0.03722651593217503 -0.01804368724102089 0.8532366993286046
4.9 0.033826767926013884 0.035397420771272774 -0.01849739324123311 0.8568682742521105
5 0.03183098861837907 0.03353520183108669 -0.01870616282669727 0.860315079356883
5.100000000000001 0.030000931779810596 0.031664352753091575 -0.01866999599741336 0.8635750269470676
5.200000000000001 0.028319384891796306 0.029809367178762272 -0.018388892753381382 0.8666484786909568
5.300000000000001 0.026771226760621582 0.027994738749573575 -0.017862853094601346 0.8695382456209914
5.4 0.025343143804441932 0.026244961107000288 -0.017091877021073235 0.8722495881337587
5.5 0.024023387636512503 0.024584527892517208 -0.01607596453279707 0.8747902159899944
5.600000000000001 0.022801567778208486 0.023037932747599122 -0.014815115629772804 0.8771702883145811
5.700000000000001 0.021668474212647414 0.021629643827832862 -0.013314172630727018 0.8794024134959467
5.799999999999999 0.02061592527097091 0.020374180353254025 -0.011819017719883805 0.8815013587425753
5.899999999999999 0.019636637025526895 0.019261056112049424 -0.010467387963241733 0.8834819942077099
6 0.018724110951987685 0.018275918588798963 -0.009259283360800803 0.8853578361889171
6.1 0.017872537124300432 0.01740441526808255 -0.00819470391256106 0.8871409657322209
6.199999999999999 0.017076710632177618 0.016632193634480052 -0.007273649618522485 0.8888420286321039
6.299999999999999 0.016331959270589575 0.01594490117257135 -0.006496120478685076 0.8904702354315067
6.399999999999999 0.01563408085382077 0.015328185366936335 -0.005862116493048831 0.8920333614218273
6.5 0.014979288761590149 0.014767693702154876 -0.005371637661613743 0.8935377466429224
6.6 0.014364164538979726 0.014249073662806876 -0.005024683984379831 0.8949882958831061
6.699999999999999 0.01378561655191818 0.013757972733472209 -0.004821255461347086 0.8963884786791508
6.800000000000001 0.01324084385123921 0.013280692478691455 -0.004730283294381858 0.8977403396438653
6.9 0.012727304525541407 0.012812194587670186 -0.004637632801451517 0.8990449067884393
7 0.012242687930145794 0.012353574263319565 -0.004532731960968919 0.9003031078136217
7.1 0.011784890269670148 0.011906056540394814 -0.004415580772934063 0.9015159917278174
7.199999999999999 0.011351993087867003 0.011470866453651163 -0.00428617923734695 0.9026847300429067
7.300000000000001 0.010942244282701637 0.01104922903784383 -0.004144527354207578 0.9038106167742455
7.4 0.010554041319091201 0.01064236932772805 -0.0039906251235159495 0.9048950684406651
7.5 0.010185916357881302 0.01025151235805905 -0.0038244725452720642 0.9059396240644727
7.600000000000001 0.009836523058831599 0.009877883163592043 -0.003646069619475919 0.9069459451714504
7.700000000000001 0.009504624848724712 0.00952270677908227 -0.0034554163461275184 0.9079158157908563
7.800000000000001 0.009189084474127904 0.009187207732661054 -0.0032526571130370887 0.9088511424540907
7.9 0.00888885468259678 0.008872026098468237 -0.003053277512851649 0.9097539379959804
8 0.008602969896859207 0.008576091841684261 -0.002867709564860213 0.9106261892530313
8.100000000000001 0.008330538764297058 0.008298023797089726 -0.0026959532690627786 0.9114697519047236
8.200000000000003 0.008070737479305031 0.00803644079946523 -0.0025380086254593493 0.9122863435140149
8.299999999999997 0.007822803789230547 0.007789961683591397 -0.0023938756340499343 0.9130775435273416
8.399999999999999 0.007586031605905406 0.0075572052842487894 -0.0022635542948345137 0.9138447932746175
8.5 0.007359766154538513 0.007336790436218022 -0.002147044607813098 0.914589395969235
8.599999999999998 0.00714339960017484 0.007127335974279704 -0.00204434657298569 0.9153125167080642
8.7 0.006936367099232746 0.00692746073321442 -0.0019554601903522834 0.9160151824714534
8.8 0.0067381432299701656 0.006735783547802774 -0.0018803854599128817 0.9166982821232289
8.899999999999999 0.00654823876123824 0.006550963636883247 -0.0018170297532142405 0.9173625669952012
9 0.006366197723675813 0.006372317893853557 -0.0017561059505919515 0.9180086803019025
9.100000000000001 0.006191594751678479 0.006199698278122364 -0.0016965072072442993 0.9186372314448819
9.2 0.006024032668126244 0.00603297228376221 -0.0016382335231712865 0.9192488164115727
9.3 0.005863140287047165 0.00587200740484562 -0.0015812848983729085 0.9198440179388158
9.399999999999999 0.00570857041219137 0.005716671135445142 -0.0015256613328491697 0.9204234055128591
9.5 0.005559998011943942 0.0055668309696333 -0.0014713628266000659 0.9209875353693577
9.600000000000001 0.005417118553161854 0.005422354401482636 -0.0014183893796255991 0.9215369504933744
9.7 0.005279646478417495 0.005283108925065692 -0.0013667409919257713 0.9220721806193787
9.8 0.005147313812803859 0.005148962034454996 -0.0013164176635005788 0.9225937422312478
9.899999999999999 0.005019868887932358 0.0050197812230976255 -0.0012674197508646564 0.9231021385622649
10 0.004897075172058319 0.00489542898322838 -0.001219888790326596 0.9235978594634474
10.100000000000001 0.004778710196423818 0.004775750716271023 -0.0011739402926269156 0.9240813801580077
10.2 0.00466456456893011 0.004660588175941719 -0.0011295742577656165 0.9245531601309226
10.3 0.004554441067159689 0.004549783115956622 -0.0010867906857426955 0.9250136430425407
10.400000000000002 0.004448153803574491 0.004443177290031897 -0.0010455895765581545 0.9254632567285825
10.5 0.004345527456434003 0.0043406124518837125 -0.0010059709302119944 0.9259024132001397
10.600000000000001 0.004246396560616203 0.004241930355228221 -0.0009679347467042128 0.9263315086436757
10.700000000000003 0.004150604853094151 0.004146972753781587 -0.000931481026034811 0.9267509234210256
10.799999999999997 0.004058004668329817 0.004055581401259983 -0.0008966097682037913 0.9271610220693962
10.899999999999999 0.003968456379301717 0.003967598051379554 -0.0008633209732111489 0.9275621533013657
11 0.0038818278802901307 0.003882860974367932 -0.0008318131999036133 0.9279546499590486
11.099999999999998 0.003797994107908255 0.003801137415604919 -0.0008031606516419809 0.9283388260014237
11.2 0.003716836597195128 0.0037221283087824778 -0.0007775241610920982 0.928714967923901
11.3 0.003638243069879879 0.0036455320481294383 -0.0007549037282539666 0.9290833320913859
11.399999999999999 0.0035621070521910337 0.003571047027874627 -0.0007352993531275867 0.9294441447082068
11.5 0.0034883275198223634 0.0034983716422468634 -0.0007187110357129567 0.9297976018181151
11.600000000000001 0.003416808567880964 0.003427204285474975 -0.0007051387760100777 0.9301438693042847
11.7 0.0033474591038362683 0.0033572433517877896 -0.00069458257401895 0.9304830828893129
11.8 0.003280192561663135 0.003288187235414127 -0.0006870424297395728 0.9308153481352194
11.899999999999999 0.0032149266355296514 0.0032197343305828173 -0.0006825183431719466 0.9311407404434471
