0.031415926535897934 0.029389262614623657 0.935489283788639 0.00046164545762261423
0.06283185307179587 0.058778525229247314 0.935489283788639 0.001846581830490457
0.09424777960769379 0.08816778784387096 0.935489283788639 0.004154809118603527
0.12566370614359174 0.11755705045849463 0.935489283788639 0.007386327321961828
0.15707963267948966 0.14694631307311828 0.935489283788639 0.011541136440565354
0.18849555921538758 0.1763355756877419 0.935489283788639 0.016619236474414108
0.21991148575128555 0.20572483830236563 0.935489283788639 0.0226206274235081
0.25132741228718347 0.23511410091698925 0.935489283788639 0.02954530928784731
0.2827433388230814 0.2645033635316129 0.935489283788639 0.03739328206743175
0.3141592653589793 0.29389262614623657 0.935489283788639 0.046164545762261415
0.34557519189487723 0.3232818887608602 0.935489283788639 0.055859100372336316
0.37699111843077515 0.3526711513754838 0.935489283788639 0.06647694589765643
0.4084070449666731 0.38206041399010754 0.935489283788639 0.0780180823382218
0.4398229715025711 0.41144967660473125 0.935489283788639 0.0904825096940324
0.47123889803846897 0.44083893921935485 0.935489283788639 0.10387022796508819
0.5026548245743669 0.4702282018339785 0.935489283788639 0.11818123715138924
0.5340707511102649 0.4996174644486022 0.935489283788639 0.13341553725293553
0.5654866776461628 0.5290067270632258 0.935489283788639 0.149573128269727
0.5969026041820606 0.5583959896778494 0.935489283788639 0.16665401020176368
0.6283185307179586 0.5877852522924731 0.935489283788639 0.18465818304904566
0.6597344572538565 0.6059488154926072 0.5781641734926749 0.20340931393751296
0.6911503837897545 0.6241123786927412 0.5781641734926749 0.22273106999310588
0.7225663103256524 0.6422759418928752 0.5781641734926749 0.24262345121582435
0.7539822368615503 0.6604395050930092 0.5781641734926749 0.2630864576056683
0.7853981633974483 0.6786030682931432 0.5781641734926749 0.28412008916263787
0.8168140899333463 0.6967666314932773 0.5781641734926749 0.305724345886733
0.8482300164692442 0.7149301946934113 0.5781641734926749 0.32789922777795366
0.8796459430051422 0.7330937578935454 0.5781641734926749 0.3506447348362999
0.91106186954104 0.7512573210936793 0.5781641734926749 0.37396086706177145
0.9424777960769379 0.7694208842938133 0.5781641734926749 0.39784762445436883
0.9738937226128359 0.7875844474939474 0.5781641734926749 0.4223050070140917
1.0053096491487339 0.8057480106940814 0.5781641734926749 0.4473330147409401
1.0367255756846319 0.8239115738942155 0.5781641734926749 0.47293164763491413
1.0681415022205298 0.8420751370943496 0.5781641734926749 0.4991009056960136
1.0995574287564276 0.8602387002944835 0.5781641734926749 0.5258407889242385
1.1309733552923256 0.8784022634946175 0.5781641734926749 0.5531512973195891
1.1623892818282235 0.8965658266947516 0.5781641734926749 0.5810324308820654
1.1938052083641213 0.9147293898948854 0.5781641734926749 0.6094841896116668
1.2252211349000193 0.9328929530950195 0.5781641734926749 0.638506573508394
1.2566370614359172 0.9510565162951535 0.5781641734926749 0.6680995825722469
1.288052987971815 0.9510565162951535 0.00000000000000017669748230352872 0.6979779042196623
1.319468914507713 0.9510565162951535 0.00000000000000017669748230352872 0.7278562258670779
1.350884841043611 0.9510565162951535 0.00000000000000017669748230352872 0.7577345475144934
1.382300767579509 0.9510565162951535 0.00000000000000017669748230352872 0.7876128691619091
1.413716694115407 0.9510565162951535 0.00000000000000017669748230352872 0.8174911908093246
1.4451326206513049 0.9510565162951535 0.00000000000000017669748230352872 0.8473695124567403
1.4765485471872026 0.9510565162951535 0.00000000000000017669748230352872 0.8772478341041556
1.5079644737231006 0.9510565162951535 0.00000000000000017669748230352872 0.9071261557515713
1.5393804002589986 0.9510565162951535 0.00000000000000017669748230352872 0.9370044773989868
1.5707963267948966 0.9510565162951536 0.00000000000000017669748230352872 0.9668827990464025
1.6022122533307945 0.9510565162951536 0.00000000000000017669748230352872 0.9967611206938181
1.6336281798666925 0.9510565162951536 0.00000000000000017669748230352872 1.0266394423412337
1.6650441064025905 0.9510565162951536 0.00000000000000017669748230352872 1.0565177639886492
1.6964600329384885 0.9510565162951536 0.00000000000000017669748230352872 1.0863960856360648
1.7278759594743864 0.9510565162951536 0.00000000000000017669748230352872 1.1162744072834805
1.7592918860102844 0.9510565162951536 0.00000000000000017669748230352872 1.1461527289308961
1.790707812546182 0.9510565162951536 0.00000000000000017669748230352872 1.1760310505783114
1.82212373908208 0.9510565162951536 0.00000000000000017669748230352872 1.2059093722257268
1.853539665617978 0.9510565162951536 0.00000000000000017669748230352872 1.2357876938731425
1.8849555921538759 0.9510565162951536 0.00000000000000017669748230352872 1.2656660155205581
1.9163715186897738 0.9328929530950196 -0.5781641734926749 1.295259024584411
1.9477874452256718 0.9147293898948855 -0.5781641734926749 1.3242814084811383
1.9792033717615696 0.8965658266947516 -0.5781641734926749 1.3527331672107397
2.0106192982974678 0.8784022634946175 -0.5781641734926749 1.3806143007732161
2.0420352248333655 0.8602387002944836 -0.5781641734926749 1.4079248091685665
2.0734511513692637 0.8420751370943493 -0.5781641734926749 1.4346646923967918
2.1048670779051615 0.8239115738942154 -0.5781641734926749 1.460833950457891
2.1362830044410597 0.8057480106940813 -0.5781641734926749 1.4864325833518652
2.167698930976957 0.7875844474939476 -0.5781641734926749 1.5114605910787131
2.199114857512855 0.7694208842938135 -0.5781641734926749 1.5359179736384363
2.230530784048753 0.7512573210936795 -0.5781641734926749 1.5598047310310335
2.261946710584651 0.7330937578935454 -0.5781641734926749 1.5831208632565055
2.293362637120549 0.7149301946934115 -0.5781641734926749 1.6058663703148515
2.324778563656447 0.6967666314932772 -0.5781641734926749 1.6280412522060723
2.356194490192345 0.6786030682931433 -0.5781641734926749 1.6496455089301674
2.3876104167282426 0.6604395050930094 -0.5781641734926749 1.6706791404871366
2.419026343264141 0.6422759418928752 -0.5781641734926749 1.6911421468769807
2.4504422698000385 0.6241123786927414 -0.5781641734926749 1.7110345280996992
2.4818581963359367 0.6059488154926072 -0.5781641734926749 1.7303562841552922
2.5132741228718345 0.5877852522924732 -0.5781641734926749 1.7491074150437596
2.5446900494077327 0.5583959896778493 -0.935489283788639 1.7671115878910417
2.57610597594363 0.5290067270632263 -0.935489283788639 1.784192469823078
2.607521902479528 0.49961746444860233 -0.935489283788639 1.8003500608398697
2.638937829015426 0.47022820183397884 -0.935489283788639 1.815584360941416
2.670353755551324 0.44083893921935496 -0.935489283788639 1.829895370127717
2.701769682087222 0.4114496766047315 -0.935489283788639 1.8432830883987728
2.73318560862312 0.3820604139901076 -0.935489283788639 1.8557475157545835
2.764601535159018 0.3526711513754841 -0.935489283788639 1.8672886521951488
2.796017461694916 0.32328188876086017 -0.935489283788639 1.877906497720469
2.827433388230814 0.2938926261462367 -0.935489283788639 1.8876010523305438
2.858849314766712 0.2645033635316128 -0.935489283788639 1.8963723160253736
2.8902652413026098 0.2351141009169893 -0.935489283788639 1.904220288804958
2.921681167838508 0.20572483830236538 -0.935489283788639 1.9111449706692973
2.9530970943744053 0.17633557568774233 -0.935489283788639 1.917146361618391
2.9845130209103035 0.1469463130731184 -0.935489283788639 1.92222446165224
3.015928947446201 0.1175570504584949 -0.935489283788639 1.9263792707708434
3.0473448739820994 0.08816778784387103 -0.935489283788639 1.9296107889742018
3.078760800517997 0.058778525229247536 -0.935489283788639 1.9319190162623148
3.1101767270538954 0.0293892626146236 -0.935489283788639 1.9333039526351827
3.141592653589793 0.00000000000000011102230246251565 -0.935489283788639 1.9337655980928052
3.173008580125691 -0.02938926261462337 -0.935489283788639 1.9333039526351827
3.204424506661589 -0.05877852522924727 -0.935489283788639 1.9319190162623148
3.235840433197487 -0.08816778784387076 -0.935489283788639 1.9296107889742018
3.267256359733385 -0.11755705045849467 -0.935489283788639 1.9263792707708434
3.2986722862692828 -0.14694631307311817 -0.935489283788639 1.92222446165224
3.330088212805181 -0.17633557568774208 -0.935489283788639 1.917146361618391
3.3615041393410787 -0.20572483830236557 -0.935489283788639 1.9111449706692971
3.392920065876977 -0.23511410091698948 -0.935489283788639 1.904220288804958
3.4243359924128747 -0.26450336353161297 -0.935489283788639 1.8963723160253734
3.455751918948773 -0.29389262614623685 -0.935489283788639 1.8876010523305438
3.4871678454846706 -0.32328188876086034 -0.935489283788639 1.877906497720469
3.518583772020569 -0.35267115137548427 -0.935489283788639 1.8672886521951486
3.5499996985564657 -0.38206041399010693 -0.935489283788639 1.8557475157545837
3.581415625092364 -0.4114496766047308 -0.935489283788639 1.843283088398773
3.6128315516282616 -0.4408389392193543 -0.935489283788639 1.8298953701277174
3.64424747816416 -0.47022820183397823 -0.935489283788639 1.8155843609414162
3.6756634047000576 -0.4996174644486017 -0.935489283788639 1.80035006083987
3.707079331235956 -0.5290067270632256 -0.935489283788639 1.7841924698230784
3.7384952577718535 -0.5583959896778491 -0.935489283788639 1.7671115878910417
3.7699111843077517 -0.587785252292473 -0.935489283788639 1.7491074150437596
3.8013271108436495 -0.6059488154926069 -0.578164173492675 1.7303562841552924
3.8327430373795477 -0.6241123786927412 -0.578164173492675 1.7110345280996992
3.8641589639154454 -0.6422759418928751 -0.578164173492675 1.691142146876981
3.8955748904513436 -0.6604395050930092 -0.578164173492675 1.6706791404871368
3.9269908169872414 -0.6786030682931432 -0.578164173492675 1.6496455089301674
3.958406743523139 -0.6967666314932771 -0.578164173492675 1.6280412522060723
3.9898226700590373 -0.7149301946934112 -0.578164173492675 1.6058663703148515
4.0212385965949355 -0.7330937578935455 -0.578164173492675 1.5831208632565053
4.052654523130833 -0.7512573210936794 -0.578164173492675 1.5598047310310337
4.084070449666731 -0.7694208842938133 -0.578164173492675 1.5359179736384365
4.115486376202629 -0.7875844474939472 -0.578164173492675 1.5114605910787138
4.1469023027385274 -0.8057480106940816 -0.578164173492675 1.4864325833518648
4.178318229274425 -0.8239115738942155 -0.578164173492675 1.460833950457891
4.209734155810323 -0.8420751370943494 -0.578164173492675 1.4346646923967916
4.241150082346221 -0.8602387002944833 -0.578164173492675 1.4079248091685668
4.272566008882119 -0.8784022634946178 -0.578164173492675 1.3806143007732155
4.303981935418017 -0.8965658266947518 -0.578164173492675 1.3527331672107394
4.335397861953914 -0.9147293898948852 -0.578164173492675 1.324281408481139
4.366813788489812 -0.9328929530950191 -0.578164173492675 1.2952590245844118
4.39822971502571 -0.9510565162951535 -0.578164173492675 1.2656660155205584
4.429645641561608 -0.9510565162951535 -0.00000000000000017669748230352872 1.235787693873143
4.461061568097506 -0.9510565162951535 -0.00000000000000017669748230352872 1.2059093722257275
4.492477494633404 -0.9510565162951535 -0.00000000000000017669748230352872 1.1760310505783123
4.523893421169302 -0.9510565162951535 -0.00000000000000017669748230352872 1.146152728930896
4.5553093477052 -0.9510565162951535 -0.00000000000000017669748230352872 1.1162744072834805
4.586725274241098 -0.9510565162951535 -0.00000000000000017669748230352872 1.0863960856360653
4.6181412007769955 -0.9510565162951535 -0.00000000000000017669748230352872 1.0565177639886498
4.649557127312894 -0.9510565162951535 -0.00000000000000017669748230352872 1.0266394423412335
4.680973053848792 -0.9510565162951535 -0.00000000000000017669748230352872 0.9967611206938182
4.71238898038469 -0.9510565162951536 -0.00000000000000017669748230352872 0.9668827990464027
4.743804906920587 -0.9510565162951536 -0.00000000000000017669748230352872 0.9370044773989874
4.775220833456485 -0.9510565162951536 -0.00000000000000017669748230352872 0.907126155751572
4.806636759992384 -0.9510565162951536 -0.00000000000000017669748230352872 0.8772478341041557
4.838052686528282 -0.9510565162951536 -0.00000000000000017669748230352872 0.8473695124567404
4.869468613064179 -0.9510565162951536 -0.00000000000000017669748230352872 0.817491190809325
4.900884539600077 -0.9510565162951536 -0.00000000000000017669748230352872 0.7876128691619095
4.932300466135976 -0.9510565162951536 -0.00000000000000017669748230352872 0.7577345475144933
4.9637163926718735 -0.9510565162951536 -0.00000000000000017669748230352872 0.7278562258670779
4.995132319207771 -0.9510565162951536 -0.00000000000000017669748230352872 0.6979779042196625
5.026548245743669 -0.9510565162951536 -0.00000000000000017669748230352872 0.6680995825722471
5.057964172279568 -0.9328929530950192 0.5781641734926747 0.6385065735083937
5.089380098815465 -0.9147293898948853 0.5781641734926747 0.6094841896116666
5.120796025351362 -0.8965658266947519 0.5781641734926747 0.5810324308820659
5.15221195188726 -0.878402263494618 0.5781641734926747 0.5531512973195899
5.183627878423159 -0.8602387002944836 0.5781641734926747 0.5258407889242387
5.215043804959056 -0.8420751370943497 0.5781641734926747 0.4991009056960138
5.246459731494954 -0.8239115738942158 0.5781641734926747 0.47293164763491446
5.277875658030852 -0.8057480106940819 0.5781641734926747 0.4473330147409406
5.3092915845667505 -0.7875844474939474 0.5781641734926747 0.4223050070140917
5.340707511102648 -0.7694208842938135 0.5781641734926747 0.39784762445436894
5.372123437638546 -0.7512573210936796 0.5781641734926747 0.37396086706177184
5.403539364174444 -0.7330937578935457 0.5781641734926747 0.3506447348363002
5.4349552907103424 -0.7149301946934112 0.5781641734926747 0.3278992277779535
5.46637121724624 -0.6967666314932773 0.5781641734926747 0.305724345886733
5.497787143782138 -0.6786030682931434 0.5781641734926747 0.284120089162638
5.529203070318036 -0.6604395050930095 0.5781641734926747 0.2630864576056686
5.5606189968539335 -0.6422759418928756 0.5781641734926747 0.24262345121582468
5.592034923389832 -0.6241123786927412 0.5781641734926747 0.22273106999310577
5.62345084992573 -0.6059488154926073 0.5781641734926747 0.203409313937513
5.654866776461628 -0.5877852522924734 0.5781641734926747 0.18465818304904574
5.686282702997525 -0.5583959896778499 0.935489283788639 0.16665401020176387
5.717698629533424 -0.5290067270632255 0.935489283788639 0.14957312826972677
5.749114556069322 -0.49961746444860206 0.935489283788639 0.13341553725293537
5.7805304826052195 -0.47022820183397857 0.935489283788639 0.11818123715138919
5.811946409141117 -0.4408389392193551 0.935489283788639 0.10387022796508823
5.843362335677016 -0.41144967660473075 0.935489283788639 0.09048250969403211
5.874778262212914 -0.38206041399010726 0.935489283788639 0.07801808233822162
5.9061941887488105 -0.3526711513754846 0.935489283788639 0.06647694589765665
5.937610115284708 -0.3232818887608611 0.935489283788639 0.05585910037233657
5.969026041820607 -0.2938926261462368 0.935489283788639 0.04616454576226142
6.000441968356505 -0.2645033635316133 0.935489283788639 0.03739328206743178
6.031857894892402 -0.2351141009169898 0.935489283788639 0.029545309287847377
6.0632738214283 -0.20572483830236632 0.935489283788639 0.022620627423508177
6.094689747964199 -0.176335575687742 0.935489283788639 0.016619236474414045
6.126105674500097 -0.1469463130731185 0.935489283788639 0.011541136440565314
6.157521601035994 -0.11755705045849502 0.935489283788639 0.007386327321961789
6.188937527571892 -0.08816778784387153 0.935489283788639 0.0041548091186034974
6.220353454107791 -0.0587785252292472 0.935489283788639 0.0018465818304903847
6.2517693806436885 -0.029389262614623712 0.935489283788639 0.0004616454576225615
