# Part A - training data
-1 0.3532269084823602
-0.8 0.14957292138225337
-0.6 -0.4560316799638907
-0.4 -0.8436159571012226
-0.19999999999999996 -0.39982948569114224
0 0.5403023058681398
0.19999999999999996 0.9607894391523232
0.3999999999999999 0.46041525410965783
0.6000000000000001 -0.29033579602829246
0.8 -0.5220155433168784


# Part A
-1.0000 0.353236
-0.9900 0.354298
-0.9800 0.354352
-0.9700 0.353355
-0.9600 0.351267
-0.9500 0.348049
-0.9400 0.343667
-0.9300 0.338088
-0.9200 0.331285
-0.9100 0.323232
-0.9000 0.313910
-0.8900 0.303300
-0.8800 0.291392
-0.8700 0.278177
-0.8600 0.263653
-0.8500 0.247822
-0.8400 0.230692
-0.8300 0.212275
-0.8200 0.192590
-0.8100 0.171660
-0.8000 0.149514
-0.7900 0.126188
-0.7800 0.101721
-0.7700 0.076161
-0.7600 0.049559
-0.7500 0.021972
-0.7400 -0.006537
-0.7300 -0.035900
-0.7200 -0.066042
-0.7100 -0.096887
-0.7000 -0.128351
-0.6900 -0.160346
-0.6800 -0.192779
-0.6700 -0.225556
-0.6600 -0.258575
-0.6500 -0.291734
-0.6400 -0.324927
-0.6300 -0.358044
-0.6200 -0.390974
-0.6100 -0.423605
-0.6000 -0.455821
-0.5900 -0.487507
-0.5800 -0.518548
-0.5700 -0.548828
-0.5600 -0.578230
-0.5500 -0.606640
-0.5400 -0.633944
-0.5300 -0.660032
-0.5200 -0.684794
-0.5100 -0.708124
-0.5000 -0.729918
-0.4900 -0.750079
-0.4800 -0.768510
-0.4700 -0.785122
-0.4600 -0.799829
-0.4500 -0.812552
-0.4400 -0.823216
-0.4300 -0.831755
-0.4200 -0.838107
-0.4100 -0.842218
-0.4000 -0.844042
-0.3900 -0.843539
-0.3800 -0.840678
-0.3700 -0.835434
-0.3600 -0.827794
-0.3500 -0.817748
-0.3400 -0.805299
-0.3300 -0.790456
-0.3200 -0.773236
-0.3100 -0.753667
-0.3000 -0.731784
-0.2900 -0.707630
-0.2800 -0.681256
-0.2700 -0.652723
-0.2600 -0.622098
-0.2500 -0.589458
-0.2400 -0.554886
-0.2300 -0.518472
-0.2200 -0.480315
-0.2100 -0.440518
-0.2000 -0.399194
-0.1900 -0.356458
-0.1800 -0.312434
-0.1700 -0.267248
-0.1600 -0.221035
-0.1500 -0.173929
-0.1400 -0.126073
-0.1300 -0.077609
-0.1200 -0.028685
-0.1100 0.020551
-0.1000 0.069949
-0.0900 0.119356
-0.0800 0.168621
-0.0700 0.217591
-0.0600 0.266114
-0.0500 0.314041
-0.0400 0.361221
-0.0300 0.407509
-0.0200 0.452760
-0.0100 0.496833
0.0000 0.539593
0.0100 0.580906
0.0200 0.620645
0.0300 0.658689
0.0400 0.694919
0.0500 0.729227
0.0600 0.761509
0.0700 0.791669
0.0800 0.819617
0.0900 0.845272
0.1000 0.868562
0.1100 0.889420
0.1200 0.907791
0.1300 0.923628
0.1400 0.936891
0.1500 0.947551
0.1600 0.955588
0.1700 0.960990
0.1800 0.963755
0.1900 0.963891
0.2000 0.961413
0.2100 0.956347
0.2200 0.948727
0.2300 0.938596
0.2400 0.926006
0.2500 0.911016
0.2600 0.893693
0.2700 0.874114
0.2800 0.852360
0.2900 0.828522
0.3000 0.802696
0.3100 0.774984
0.3200 0.745493
0.3300 0.714338
0.3400 0.681635
0.3500 0.647508
0.3600 0.612081
0.3700 0.575483
0.3800 0.537847
0.3900 0.499304
0.4000 0.459991
0.4100 0.420043
0.4200 0.379596
0.4300 0.338786
0.4400 0.297748
0.4500 0.256616
0.4600 0.215522
0.4700 0.174595
0.4800 0.133964
0.4900 0.093751
0.5000 0.054076
0.5100 0.015055
0.5200 -0.023200
0.5300 -0.060584
0.5400 -0.096996
0.5500 -0.132340
0.5600 -0.166526
0.5700 -0.199472
0.5800 -0.231099
0.5900 -0.261339
0.6000 -0.290126
0.6100 -0.317403
0.6200 -0.343121
0.6300 -0.367237
0.6400 -0.389712
0.6500 -0.410519
0.6600 -0.429635
0.6700 -0.447043
0.6800 -0.462735
0.6900 -0.476707
0.7000 -0.488964
0.7100 -0.499515
0.7200 -0.508376
0.7300 -0.515568
0.7400 -0.521119
0.7500 -0.525060
0.7600 -0.527429
0.7700 -0.528266
0.7800 -0.527618
0.7900 -0.525535
0.8000 -0.522068
0.8100 -0.517276
0.8200 -0.511217
0.8300 -0.503954
0.8400 -0.495550
0.8500 -0.486071
0.8600 -0.475584
0.8700 -0.464159
0.8800 -0.451865
0.8900 -0.438771
0.9000 -0.424948
0.9100 -0.410466
0.9200 -0.395393
0.9300 -0.379801
0.9400 -0.363755
0.9500 -0.347323
0.9600 -0.330571
0.9700 -0.313562
0.9800 -0.296358
0.9900 -0.279019


# Part C
-6.2832 1.009142
-6.2204 0.992312
-6.1575 0.973211
-6.0947 0.951806
-6.0319 0.928070
-5.9690 0.901984
-5.9062 0.873535
-5.8434 0.842722
-5.7805 0.809550
-5.7177 0.774039
-5.6549 0.736219
-5.5920 0.696132
-5.5292 0.653834
-5.4664 0.609396
-5.4035 0.562902
-5.3407 0.514449
-5.2779 0.464152
-5.2150 0.412138
-5.1522 0.358548
-5.0894 0.303539
-5.0265 0.247280
-4.9637 0.189952
-4.9009 0.131749
-4.8381 0.072876
-4.7752 0.013545
-4.7124 -0.046020
-4.6496 -0.105590
-4.5867 -0.164932
-4.5239 -0.223805
-4.4611 -0.281971
-4.3982 -0.339186
-4.3354 -0.395210
-4.2726 -0.449804
-4.2097 -0.502735
-4.1469 -0.553775
-4.0841 -0.602700
-4.0212 -0.649300
-3.9584 -0.693370
-3.8956 -0.734720
-3.8327 -0.773169
-3.7699 -0.808552
-3.7071 -0.840715
-3.6442 -0.869523
-3.5814 -0.894853
-3.5186 -0.916600
-3.4558 -0.934674
-3.3929 -0.949004
-3.3301 -0.959534
-3.2673 -0.966225
-3.2044 -0.969056
-3.1416 -0.968022
-3.0788 -0.963134
-3.0159 -0.954421
-2.9531 -0.941927
-2.8903 -0.925711
-2.8274 -0.905846
-2.7646 -0.882423
-2.7018 -0.855542
-2.6389 -0.825321
-2.5761 -0.791887
-2.5133 -0.755381
-2.4504 -0.715954
-2.3876 -0.673767
-2.3248 -0.628993
-2.2619 -0.581812
-2.1991 -0.532413
-2.1363 -0.480993
-2.0735 -0.427754
-2.0106 -0.372905
-1.9478 -0.316659
-1.8850 -0.259236
-1.8221 -0.200856
-1.7593 -0.141744
-1.6965 -0.082125
-1.6336 -0.022226
-1.5708 0.037725
-1.5080 0.097503
-1.4451 0.156883
-1.3823 0.215642
-1.3195 0.273560
-1.2566 0.330422
-1.1938 0.386017
-1.1310 0.440137
-1.0681 0.492583
-1.0053 0.543161
-0.9425 0.591683
-0.8796 0.637972
-0.8168 0.681856
-0.7540 0.723173
-0.6912 0.761770
-0.6283 0.797504
-0.5655 0.830242
-0.5027 0.859862
-0.4398 0.886253
-0.3770 0.909314
-0.3142 0.928957
-0.2513 0.945105
-0.1885 0.957694
-0.1257 0.966673
-0.0628 0.972000
0.0000 0.973652
0.0628 0.971613
0.1257 0.965883
0.1885 0.956477
0.2513 0.943421
0.3142 0.926753
0.3770 0.906530
0.4398 0.882816
0.5027 0.855693
0.5655 0.825255
0.6283 0.791608
0.6912 0.754872
0.7540 0.715180
0.8168 0.672678
0.8796 0.627521
0.9425 0.579878
1.0053 0.529929
1.0681 0.477863
1.1310 0.423881
1.1938 0.368189
1.2566 0.311005
1.3195 0.252554
1.3823 0.193065
1.4451 0.132775
1.5080 0.071924
1.5708 0.010757
1.6336 -0.050480
1.6965 -0.111539
1.7593 -0.172172
1.8221 -0.232131
1.8850 -0.291170
1.9478 -0.349048
2.0106 -0.405526
2.0735 -0.460371
2.1363 -0.513357
2.1991 -0.564263
2.2619 -0.612879
2.3248 -0.659004
2.3876 -0.702444
2.4504 -0.743019
2.5133 -0.780561
2.5761 -0.814912
2.6389 -0.845929
2.7018 -0.873483
2.7646 -0.897458
2.8274 -0.917754
2.8903 -0.934286
2.9531 -0.946984
3.0159 -0.955797
3.0788 -0.960686
3.1416 -0.961632
3.2044 -0.958632
3.2673 -0.951698
3.3301 -0.940862
3.3929 -0.926169
3.4558 -0.907684
3.5186 -0.885487
3.5814 -0.859674
3.6442 -0.830357
3.7071 -0.797662
3.7699 -0.761733
3.8327 -0.722725
3.8956 -0.680809
3.9584 -0.636166
4.0212 -0.588991
4.0841 -0.539489
4.1469 -0.487875
4.2097 -0.434373
4.2726 -0.379213
4.3354 -0.322634
4.3982 -0.264878
4.4611 -0.206191
4.5239 -0.146821
4.5867 -0.087017
4.6496 -0.027029
4.7124 0.032898
4.7752 0.092519
4.8381 0.151597
4.9009 0.209898
4.9637 0.267199
5.0265 0.323282
5.0894 0.377941
5.1522 0.430981
5.2150 0.482217
5.2779 0.531479
5.3407 0.578607
5.4035 0.623459
5.4664 0.665905
5.5292 0.705830
5.5920 0.743134
5.6549 0.777732
5.7177 0.809556
5.7805 0.838550
5.8434 0.864675
5.9062 0.887905
5.9690 0.908228
6.0319 0.925645
6.0947 0.940170
6.1575 0.951830
6.2204 0.960661


