0	3.041592653589793	0
0.09900990099009901	3.0391509382691164	-0.04921223526529789
0.19801980198019803	3.0319762754293036	-0.09965255756148161
0.297029702970297	3.019318341330132	-0.15357538456044326
0.39603960396039606	3.0012334488735157	-0.2135697709808523
0.49504950495049505	2.976817891652085	-0.2825322108799245
0.594059405940594	2.944905379981928	-0.36344328857946784
0.6930693069306931	2.9043296176903657	-0.45928359047926814
0.7920792079207921	2.853686499121549	-0.5734589856751786
0.891089108910891	2.790397699908492	-0.7114752380720764
0.9900990099009901	2.7115231153204107	-0.879485095565754
1.0891089108910892	2.6141225392180036	-1.0836414874042697
1.188118811881188	2.4952324644037045	-1.330030205257243
1.2871287128712872	2.3508043414070046	-1.621610697351697
1.3861386138613863	2.175266666229567	-1.9569543073954196
1.4851485148514851	1.962933883336762	-2.3343037612335618
1.5841584158415842	1.7083048499942066	-2.751065057544256
1.6831683168316833	1.4112924800436106	-3.1800792612541997
1.782178217821782	1.0779684383092705	-3.5662436380791855
1.881188118811881	0.714738517180072	-3.852939433099934
1.9801980198019802	0.32840766220478956	-3.985371534210287
2.0792079207920793	-0.06688152493608444	-3.9422689629316747
2.1782178217821784	-0.4505465506079034	-3.73178318775535
2.2772277227722775	-0.8024641663049101	-3.3653301827091613
2.376237623762376	-1.1110944884602478	-2.883012625775661
2.4752475247524752	-1.3707884435417057	-2.344621035862262
2.5742574257425743	-1.5765849089611434	-1.8056967651610858
2.6732673267326734	-1.728403141934807	-1.2822799832726997
2.7722772277227725	-1.8286320853799856	-0.7704215332020389
2.871287128712871	-1.8796658929100132	-0.26609417847718636
2.9702970297029703	-1.8832638913154058	0.23122555817144733
3.0693069306930694	-1.8403027131550391	0.7171893560272987
3.1683168316831685	-1.7515937772757808	1.1870889644915863
3.2673267326732676	-1.6179485025244975	1.6362161329655278
3.3663366336633667	-1.4401783077480577	2.0598626108503413
3.465346534653465	-1.2190946117933301	2.453320147547242
3.564356435643564	-0.9564270359825832	2.808731828331724
3.663366336633663	-0.6611640468295575	3.093348989588556
3.762376237623762	-0.3457422071608657	3.2625988902759846
3.8613861386138613	-0.022660488606996567	3.2735662114841073
3.9603960396039604	0.29468290659959334	3.1207941705344635
4.0594059405940595	0.592020322530887	2.835044127998359
4.158415841584159	0.8551173187447111	2.4485294045661994
4.257425742574258	1.0741259238295284	1.991615690423881
4.356435643564357	1.2461513505805162	1.4917399157104128
4.455445544554456	1.3689204185486727	0.9760444406336065
4.554455445544555	1.441128009723929	0.4650438696389815
4.653465346534654	1.4635761908492753	-0.03517385099341474
4.752475247524752	1.4373441532978573	-0.520418084795915
4.851485148514851	1.3635110884428205	-0.9864981953008664
4.9504950495049505	1.2431561876573103	-1.4292235460406015
5.0495049504950495	1.0781461870826778	-1.8420543934604516
5.148514851485149	0.875150079710002	-2.204126709146335
5.247524752475248	0.6426467519209711	-2.4891778720425175
5.346534653465347	0.389118403290537	-2.6709353784223455
5.445544554455446	0.12320716625501342	-2.7245103308849323
5.544554455445545	-0.14389655908761273	-2.6470593280356565
5.643564356435643	-0.39895817614783713	-2.4534236592474876
5.742574257425742	-0.628744192111418	-2.1590158552520307
5.841584158415841	-0.8234954000790811	-1.7835761323201706
5.9405940594059405	-0.9788110016039177	-1.3535193176616531
6.03960396039604	-1.0907510432062602	-0.8958179035581914
6.138613861386139	-1.1565793282987604	-0.43240926582779554
6.237623762376238	-1.1765964797249453	0.027471734323264108
6.336633663366337	-1.1515745946012352	0.47656233478015547
6.435643564356436	-1.0823385937792183	0.9074715143534405
6.534653465346535	-0.971660568172978	1.3080804106754813
6.633663366336634	-0.8247821890696078	1.6602738778463053
6.732673267326733	-0.6471042871650458	1.945550321744737
6.831683168316832	-0.4442238344695074	2.1458487668411013
6.93069306930693	-0.22487524080339116	2.250156285763923
7.029702970297029	-0.00031611556395215457	2.2531281534158354
7.128712871287128	0.2181323158078948	2.149633143087698
7.227722772277227	0.4204084119878337	1.9430418228994342
7.326732673267326	0.5990844455105951	1.6545028473504517
7.425742574257425	0.7470632489661374	1.3073960468745
7.524752475247524	0.8578059695602497	0.9242178131818329
7.623762376237623	0.9289855394457003	0.5208000985936995
7.7227722772277225	0.9601966049314034	0.10993406686359242
7.821782178217822	0.9510528754208021	-0.29560221628165095
7.920792079207921	0.9023630826074384	-0.6827158376801563
8.01980198019802	0.8172990631498919	-1.0376912869656838
8.118811881188119	0.6993101422569808	-1.3467399450450537
8.217821782178218	0.5523364918482159	-1.5964812107254058
8.316831683168317	0.38361837577228697	-1.7762776947993695
8.415841584158416	0.20175605561114113	-1.8766225105310705
8.514851485148515	0.015354032261582037	-1.888012295128688
8.613861386138614	-0.1671178643034562	-1.80414624379007
8.712871287128714	-0.33789678740311957	-1.6355360523297744
8.811881188118813	-0.489451084777872	-1.3981913631114946
8.910891089108912	-0.6143144179278467	-1.1081129006400932
9.00990099009901	-0.7075618430265557	-0.7808319983541885
9.10891089108911	-0.7675740795298814	-0.43126943957635383
9.207920792079209	-0.7929532031810874	-0.07430512351744133
9.306930693069308	-0.782785444309783	0.27564464551115836
9.405940594059405	-0.7388393684895053	0.6067319927302663
9.504950495049505	-0.6638072381483391	0.9079935153093398
9.603960396039604	-0.560480496331357	1.1684146979659438
9.702970297029703	-0.4337195538897877	1.3758882730251967
9.801980198019802	-0.29035217545336284	1.5172678891967752
9.900990099009901	-0.13728351222303617	1.5793814150454828


0	10	15
0.05	4.597172614996281	18.38513768494346
0.1	1.9561358722207804	18.461329846292525
0.15	0.8664594530009085	16.981941771250156
0.2	0.41886715985686224	15.069897558904364
0.25	0.2229184019125061	13.172296146035043
0.3	0.12994016382696033	11.434940413162433
0.35000000000000003	0.08223475313456421	9.893263260714292
0.4	0.05599047662215968	8.544137340062457
0.44999999999999996	0.04046512787593244	7.371649633616855
0.5	0.031053145412408674	6.355999939210395
0.55	0.024834716413615517	5.477422011530339
0.6	0.02069861098717222	4.719456594022078
0.65	0.018015948863547803	4.066526405050516
0.7000000000000001	0.01617102282159031	3.5032023950095232
0.75	0.014818595669254619	3.0170999040735973
0.8	0.013867035366981799	2.5986888324477686
0.85	0.013234501026150184	2.238549288776624
0.8999999999999999	0.01284634592037815	1.9278301962659112
0.9500000000000001	0.012659690680717003	1.6601922001085359
1	0.012640421559611507	1.4299890092510246
1.05	0.01275506476988226	1.2316247655334465
1.1	0.012984065505090651	1.0606005122165079
1.15	0.013321360840769623	0.9134805359676872
1.2	0.013761442210513765	0.7868728325455283
1.25	0.014299863551639778	0.6776543571963856
1.3	0.01493581761971362	0.5836231863562871
1.3499999999999999	0.01566927551592006	0.5027744248900747
1.4000000000000001	0.01650025537062204	0.4331118210255859
1.45	0.017430735762978263	0.3729994284700202
1.5	0.018465321191698095	0.32128391144531226
1.55	0.019608799852693003	0.27684569537573744
1.6	0.020865966837690684	0.23856627892325075
1.65	0.02224267211998224	0.2054913383624225
1.7	0.023746945226770403	0.17700576715596925
1.75	0.025387085380093596	0.15253643300883366
1.7999999999999998	0.027171391801990238	0.13151020362595825
1.85	0.02910825933176298	0.11335954781515463
1.9000000000000001	0.031208526810469067	0.09766010000769929
1.9500000000000002	0.03348562135413881	0.08413911154737859
2	0.03595309458046913	0.072531126881877
2.05	0.03862449810715692	0.06257069045887878
2.1	0.04151338355189917	0.05399234672606821
2.15	0.04463429256986176	0.04655356870852633
2.2	0.04800631394114262	0.04011713767389534
2.25	0.05164984108991428	0.03457604953681677
2.3	0.055585267551450025	0.029823302784944758
2.35	0.05983298686102309	0.025751895905933478
2.4	0.06441339255390664	0.02225482738743723
2.45	0.06934705729271738	0.01922578514893002
2.5	0.07466207837889256	0.016587418212851892
2.5500000000000003	0.08039666545360911	0.014301296341813877
2.6	0.08658973904075183	0.012331725369592218
2.65	0.09328021966420573	0.010643011129963083
2.6999999999999997	0.10050702784785569	0.009199459456702667
2.75	0.10830908411558672	0.007965376183587156
2.8000000000000003	0.11672530899128368	0.0069050671443927555
2.85	0.12579480133383375	0.005983019629063382
2.9	0.13556658630239565	0.005173820954926847
2.9499999999999997	0.14610464565040351	0.004467276799386452
3	0.15747419883501498	0.003854452205486367
3.0500000000000003	0.1697404653133878	0.0033264122162707747
3.1	0.18296866454267946	0.002874221874783853
3.15	0.19722401598004782	0.002488946224069774
3.2	0.21257173908265067	0.0021616503071727093
3.25	0.22907705330764552	0.00188339916713684
3.3	0.2468051781121902	0.0016452578470063392
3.35	0.2658213363579269	0.0014382916025930219
3.4	0.2862140563740194	0.0012550221949817809
3.45	0.30815081315171006	0.0010929052588001407
3.5	0.3318157820792356	0.0009504401415410159
3.55	0.357393138544834	0.0008261261906973164
3.5999999999999996	0.3850670579367426	0.0007184627537619541
3.6500000000000004	0.41502171564319934	0.0006259491782278391
3.7	0.44744128705244074	0.0005470848115878861
3.75	0.4825099475527047	0.00048036900133500515
3.8000000000000003	0.5204118725322292	0.0004243010949621077
3.8499999999999996	0.5613312373792505	0.000377380439962106
3.9000000000000004	0.605452217482008	0.00033810638382791077
3.9499999999999997	0.6529589882287367	0.0003049782740524351
4	0.7040357250076763	0.00027649545812858886
4.050000000000001	0.7588666032070639	0.00025115728354928497
4.1	0.81767293706859	0.0002276396011037962
4.15	0.8808899921495514	0.00020563507036655706
4.2	0.949029490596553	0.00018519971269587637
4.25	1.0226032503074043	0.00016639000450995495
4.3	1.1021230891799143	0.00014926242222699414
4.35	1.1881008251118925	0.00013387344226519534
4.4	1.2810482760011495	0.00012027954104275955
4.45	1.3814772597454907	0.00010853719497788863
4.5	1.489899594242727	0.00009870288048878363
4.55	1.6068270973906675	0.00009083307399364585
4.6	1.7327715870871208	0.00008498425191067664
4.65	1.8682448812298984	0.00008121289065807722
4.7	2.0137587977168048	0.00007957546665404908
4.75	2.1698251544456513	0.00008012845631679345
4.8	2.336955769314247	0.00008292833606451171
4.85	2.5156698129866517	0.00008802985067397539
4.9	2.70697619743154	0.00009537240651680242
4.95	2.912672265782282	0.00010470972745783621
5	3.134626731233609	0.00011577872908176427
5.05	3.3747083069802497	0.00012831632697327393
5.1000000000000005	3.6347857062169364	0.00014205943671705276
5.1499999999999995	3.9167276421383845	0.0001567449738977874
5.2	4.222402827939341	0.00017210985410016618
5.25	4.55367997681452	0.0001878909929088757
5.3	4.9124278019586525	0.0002038253059086035
5.3500000000000005	5.300515016566478	0.00021964970868403727
5.3999999999999995	5.719810333832701	0.0002351011168198635
5.45	6.172182466952078	0.0002499164459007707
5.5	6.659500129119317	0.0002638326115114454
5.55	7.183632033529153	0.00027658652923657513
5.6000000000000005	7.74645731866148	0.0002881174764433204
5.6499999999999995	8.350713329906055	0.0003150231026601193
5.7	9.000622133630653	0.00040272048816212007
5.75	9.700553451142401	0.0005994927947067073
5.8	10.454877003748466	0.0009536231840512688
5.8500000000000005	11.267962586480436	0.001513479782769758
5.8999999999999995	12.144229893552048	0.0023849377830418976
5.95	13.088235187702185	0.0038312628348214435
6	14.104507336952592	0.0062055593697016
6.05	15.196529699397281	0.011167210425741933
6.1000000000000005	16.366801312352795	0.021605426840195195
6.1499999999999995	17.614898458357192	0.04283347775124395
6.2	18.92494652304291	0.09289102587873449
6.25	20.252452131028708	0.21307887164298098
6.3	21.458841359172173	0.5209813940495592
6.35	22.15198574520575	1.338977631933557
6.4	21.348660561734498	3.451907951580548
6.45	17.487848247808262	7.969262343722848
6.5	10.874862800876294	14.001579829375869
6.55	5.210187540842978	17.82186634989208
6.6	2.251448464634628	18.303184405910645
6.65	0.9996091681627822	17.00913408301066
6.7	0.4816038193160304	15.164435765804702
6.75	0.2550305799638064	13.284937773627956
6.8	0.14786157596289282	11.54660497001629
6.85	0.09309159221233106	9.99686206079493
6.9	0.06295800131184022	8.637486105479063
6.95	0.04540087825070218	7.454178987502707
7	0.0345643013292073	6.428684654988036
7.05	0.02773509015741565	5.541540227623379
7.1	0.023051648536864925	4.77501904157362
7.15	0.019900471698209462	4.114350864584024
7.199999999999999	0.017786116775651287	3.545045124953562
7.25	0.016277695823664545	3.0535111304377724
7.300000000000001	0.015215825738651738	2.629942898441028
7.35	0.014512490028851166	2.26552927910252
7.4	0.014080420986128375	1.9515030318934201
7.449999999999999	0.01385828239289814	1.680618053349203
7.5	0.013816699350344094	1.4475030858229687
7.55	0.013928267939659386	1.246902489038153
7.6000000000000005	0.014168820901800534	1.0738740070182515
7.65	0.014528552900655568	0.924865953539145
7.699999999999999	0.015001640743880792	0.7967122069490993
7.750000000000001	0.01558240718658916	0.6862744350866836
7.800000000000001	0.016268473368133272	0.5910426571499298
7.85	0.01706072854655797	0.5091294780254261
7.8999999999999995	0.0179602017256562	0.4386741245529352
7.95	0.018968285183409046	0.37788018928758704
8	0.020089294404306946	0.32546920490871223
8.049999999999999	0.021328954526557118	0.28041246962496064
8.100000000000001	0.022692999770329982	0.2416828908070646
8.15	0.024187266355846924	0.20826670251469404
8.2	0.02581954733145433	0.1794058057349487
8.25	0.02759939805627351	0.15457235396168895
8.3	0.02953643685227321	0.13324672702075646
8.35	0.031640282041422156	0.11490930473799227
8.4	0.033920906350599654	0.0990562886551457
8.450000000000001	0.03639200859981462	0.0853502244735333
8.5	0.03906951683974028	0.07355317754908268
8.549999999999999	0.041969389159649255	0.06342855425238712
8.6	0.04510758364881416	0.05473976095404012
8.65	0.048500058496316945	0.047250205972873556
8.7	0.0521641615448432	0.04075042304974582
8.75	0.056122122447841906	0.03512623670650395
8.8	0.0603972422755991	0.03028438504648484
8.85	0.06501282209840079	0.026131606173025256
8.9	0.06999216298653343	0.022574638189461527
8.95	0.07535856601028289	0.019520219199130565
9	0.0811354408626649	0.016875367665373155
9.05	0.08735470448280891	0.01456905962499817
9.1	0.09406275276934226	0.01256764194112524
9.15	0.10130739151386117	0.01084110047215071
9.2	0.10913642650796088	0.009359421076471206
9.25	0.11759766354323767	0.008092589612483114
9.3	0.126738908411287	0.007010591938582991
9.35	0.13660796690370425	0.006083413913167361
9.4	0.14725264481208586	0.00528104139463265
9.45	0.15872523532961078	0.004577127839515381
9.5	0.17109653130519117	0.003960446657777532
9.55	0.18444209220187396	0.0034236670607290074
9.6	0.19883747748741643	0.0029594582635295388
9.65	0.21435824662957723	0.002560489481338813
9.7	0.2310799590961131	0.002219429929316578
9.75	0.24907817435478277	0.001928948822622529
9.8	0.2684284518733436	0.0016817153764163962
9.85	0.28920635111955245	0.0014703988058579072
9.9	0.31148743156116854	0.0012876683261067656
9.95	0.33534774222709945	0.0011262128851559086
10	0.3609166256623898	0.0009808695427540972
10.05	0.3884238763866211	0.0008505242952386973
10.1	0.4181104153776631	0.000734511615189282
10.15	0.4502171636133885	0.0006321659751854122
10.200000000000001	0.484985042071667	0.0005428218478066612
10.25	0.5226549717303679	0.00046581370563260056
10.299999999999999	0.563467873567363	0.00040047602124279575
10.35	0.6076646685605248	0.00034614326721681425
10.4	0.6554862776877223	0.000302149916134228
10.45	0.7071736219268244	0.00026783044057460646
10.5	0.7629676222557055	0.00024251931311751633
10.55	0.8231091996522343	0.0002255510063425286
10.6	0.8878392750942795	0.0002162599928292117
10.649999999999999	0.9573987695597134	0.00021398074515713435
10.700000000000001	1.0320289541876344	0.00021804702762988766
10.75	1.1120848988031136	0.0002275624223646545
10.799999999999999	1.1981984760013007	0.00024107061866208125
10.850000000000001	1.291042839345141	0.0002570318062345632
10.9	1.3912911423975594	0.0002739061747944921
10.95	1.4996165387215006	0.0002901539140542633
11	1.6166921818799072	0.0003042352137262714
11.05	1.7431912254357138	0.00031461026352290976
11.1	1.879786822951854	0.00031973925315657235
11.149999999999999	2.02715212799127	0.0003180823723396537
11.200000000000001	2.185960294116912	0.00030809981078454724
11.25	2.3568844748916957	0.00028825175820364825
11.299999999999999	2.5405978238785702	0.0002569984043093504
11.350000000000001	2.7377734946404875	0.00021279993881404436
11.4	2.94908464074036	0.00015411655143013055
11.45	3.1752087585896516	0.00007943063787157719
11.5	3.4173435478974015	-0.000010115484852478245
11.55	3.6776941923530244	-0.00010822799818246559
11.6	3.9585812353870793	-0.00020802322218440276
11.649999999999999	4.262325220430146	-0.00030261747692431523
11.700000000000001	4.591246690912816	-0.0003851270824682305
11.75	4.947666190265615	-0.0004486683588821587
11.799999999999999	5.333904261919131	-0.00048635762623212804
11.850000000000001	5.752281449303968	-0.0004913112045841599
11.9	6.205118295850635	-0.0004566454140042751
11.95	6.694735344989729	-0.000375476574558498
12	7.2234531401518405	-0.0002409210063128442
12.05	7.793592224767522	-0.000046095029333337745
12.1	8.40747314226732	0.00021588503631398987
12.15	9.067416436081848	0.0005519028705631359
12.200000000000001	9.775821566018335	0.0009685989010659553
12.25	10.536719817004474	0.0014675836085702978
12.299999999999999	11.355678552623846	0.0020457326563596365
12.35	12.238304982664653	0.0027128475067479943
12.4	13.189323484122758	0.004060363978969953
12.45	14.21224405672426	0.007479782806643563
12.5	15.310488249885106	0.014420916846846226
12.55	16.486177717154423	0.0276017345043528
12.6	17.73599785929856	0.0548804721571057
12.65	19.037261441125246	0.11977570265029538
12.7	20.33002172429247	0.27580953271126674
12.75	21.432035033772983	0.6754411365342246
12.8	21.846568444964984	1.7232829383547257
12.85	20.430132586319086	4.315512863274031
12.9	15.806147862758355	9.324821516992097
12.95	9.225153690725186	15.004256213439692
13	4.302336429778186	17.904405584565403
13.05	1.880852497990865	17.837837511920654
13.1	0.8591679658206779	16.38104732350083
13.15	0.4272615042837646	14.538639248040951
13.2	0.23315648428984162	12.714059889602293
13.25	0.13886092217410614	11.042423660705321
13.3	0.08950692606955662	9.557527972969696
13.35	0.061762793882133286	8.257002171392266
13.4	0.04539198422818029	7.125547900504158
13.45	0.035003820004186455	6.145189525844694
13.5	0.028469043917088446	5.297695980616019
13.55	0.024043145559862655	4.565225815010195
13.6	0.020931421947551435	3.9333057804237437
13.65	0.018804624381553614	3.389113219364013
13.7	0.017339068833749836	2.9198846273117716
13.75	0.016312821643577516	2.5149103112047313
13.8	0.015641996482844735	2.16626703664062
13.85	0.015252548036385514	1.8662302081585824
13.9	0.015076096634539135	1.60739949757647
13.950000000000001	0.015079330533221415	1.3843816526555774
14	0.01524233881161424	1.1925504032229177
14.049999999999999	0.01554539532145601	1.0273002041891213
14.1	0.015975026897521952	0.88478527032648
14.15	0.016525949573128657	0.7621548333958724
14.2	0.017193433405365277	0.6566254410332272
14.25	0.01797393602696314	0.5655725572008945
14.3	0.018869703879485396	0.48714627966254836
14.35	0.01988474460593013	0.41973238267456286
14.399999999999999	0.02102306617064896	0.3617167551583139
14.450000000000001	0.022288443048916702	0.31163504060284397
14.5	0.023683912218554037	0.26849589654062045
14.549999999999999	0.02521236540157479	0.23140114426526653
14.600000000000001	0.026876694319992848	0.19945260507040685
14.65	0.028681110350621382	0.17178394984498707
14.7	0.03064304912977082	0.14784801424240956
14.75	0.03278756989018765	0.12728162783736083
14.8	0.03513982371571097	0.1097238370116328
14.85	0.037724961690179894	0.09481368814701699
14.899999999999999	0.04056156934149071	0.08216652726654482
14.950000000000001	0.04359592204142913	0.07113667502744016
