-5  -42755085114210.266
-4.98  -0.43139780824405116
-4.96  -0.22360295265929706
-4.94  -0.15472394723732277
-4.92  -0.12059627326124642
-4.9  -0.10038894300491565
-4.88  -0.08716007900987248
-4.86  -0.07793630662868772
-4.84  -0.07123262674070008
-4.82  -0.06622573225368168
-4.8  -0.06242336180143377
-4.78  -0.05951403506337119
-4.76  -0.0572919520529721
-4.74  -0.0556165890473147
-4.72  -0.054389649178588975
-4.7  -0.0535412761271209
-4.68  -0.053021486752436064
-4.66  -0.05279468357198095
-4.64  -0.05283606104912371
-4.62  -0.053129221904332204
-4.6  -0.05366459672061703
-4.58  -0.05443841948111341
-4.5600000000000005  -0.05545210720631586
-4.54  -0.056711951787698306
-4.52  -0.05822907193337318
-4.5  -0.060019601801915366
-4.48  -0.06210511596712468
-4.46  -0.06451331171315537
-4.4399999999999995  -0.06727899253783602
-4.42  -0.07044542447377851
-4.4  -0.07406617358227822
-4.38  -0.07820758465567428
-4.36  -0.08295213689274582
-4.34  -0.08840302681100934
-4.32  -0.09469050657493343
-4.3  -0.10198078983062528
-4.28  -0.11048880298286748
-4.26  -0.12049684774979653
-4.24  -0.1323826192946426
-4.22  -0.14666253024382403
-4.2  -0.1640610520856823
-4.18  -0.18562630762345378
-4.16  -0.2129323826305911
-4.140000000000001  -0.24845507495687258
-4.12  -0.2963234244826557
-4.1  -0.3639731176594782
-4.08  -0.46628004893579955
-4.0600000000000005  -0.6379610756024943
-4.04  -0.9831771509595378
-4.02  -2.022755504667507
-4  267219281963814.2
-3.98  2.1483610850553183
-3.96  1.1090706451901144
-3.94  0.7643362993523676
-3.92  0.5933336644453328
-3.9  0.4919058207240842
-3.88  0.4253411855681778
-3.86  0.3787704502154209
-3.84  0.34476591342498847
-3.8200000000000003  0.31920802946274585
-3.8  0.2996321366468821
-3.7800000000000002  0.28447708760291435
-3.76  0.27270969177214716
-3.74  0.2636226320842717
-3.7199999999999998  0.25671914412294
-3.7  0.2516439977974683
-3.6799999999999997  0.2481405580014008
-3.66  0.24602322544543126
-3.6399999999999997  0.245159323267934
-3.62  0.2454570051980148
-3.5999999999999996  0.24685714491483832
-3.58  0.2493279612234994
-3.56  0.25286160886080034
-3.54  0.25747226111615035
-3.52  0.2631954051388468
-3.5  0.27008820810861917
-3.48  0.2782309195327186
-3.46  0.2877293702406729
-3.44  0.2987187268679919
-3.42  0.3113687761741009
-3.4  0.32589116376202437
-3.38  0.34254922079185335
-3.36  0.3616713168523719
-3.34  0.38366913635978056
-3.32  0.40906298840371286
-3.3  0.43851739627168856
-3.2800000000000002  0.47289207676667283
-3.2600000000000002  0.5133165714141322
-3.24  0.5613023058092845
-3.22  0.6189158776289355
-3.2  0.6890564187598656
-3.18  0.7759179658660345
-3.16  0.8857987117432589
-3.14  1.0286040103214524
-3.12  1.220852508868541
-3.1  1.4922897824038517
-3.08  1.9024225996580613
-3.06  2.5901219669461253
-3.04  3.9720356898765283
-3.02  8.131477128763132
-3  -1425169503807009
-2.98  -8.550477118520185
-2.96  -4.391919754952858
-2.94  -3.01148501944833
-2.92  -2.325867964625705
-2.9  -1.918432700823929
-2.88  -1.6503238000045302
-2.86  -1.4620539378315247
-2.84  -1.3239011075519562
-2.82  -1.219374672547686
-2.8  -1.1386021192581521
-2.78  -1.0753233911390185
-2.76  -1.0253884410632734
-2.7399999999999998  -0.9859486439951748
-2.7199999999999998  -0.9549952161373366
-2.6999999999999997  -0.9310827918506319
-2.6799999999999997  -0.913157253445155
-2.6599999999999997  -0.9004450051302774
-2.64  -0.8923799366952813
-2.62  -0.8885543588168137
-2.6  -0.8886857216934186
-2.58  -0.8925941011801278
-2.56  -0.9001873275444493
-2.54  -0.9114518043511722
-2.52  -0.9264478260887409
-2.5  -0.945308728380167
-2.48  -0.9682435999738608
-2.46  -0.9955436210327283
-2.44  -1.027592420425892
-2.42  -1.0648812145154252
-2.4  -1.1080299567908827
-2.38  -1.1578163662764644
-2.36  -1.215215624623969
-2.34  -1.2814549154416668
-2.32  -1.3580891215003263
-2.3  -1.447107407696573
-2.28  -1.5510860117946894
-2.26  -1.6734120228100737
-2.2399999999999998  -1.8186194708220853
-2.2199999999999998  -1.9929091259651779
-2.1999999999999997  -2.204980540031571
-2.18  -2.4674191314539895
-2.16  -2.7991239291086973
-2.14  -3.2298165924093665
-2.12  -3.809059827669838
-2.1  -4.626098325451939
-2.08  -5.859461606946827
-2.06  -7.925773218855175
-2.04  -12.07498849722455
-2.02  -24.55706092886461
-2  6413262767131540
-1.98  25.480421813190198
-1.96  13.00008247466038
-1.94  8.853765957178137
-1.92  6.791534456707064
-1.9  5.5634548323893975
-1.88  4.7529325440130386
-1.8599999999999999  4.18147426219817
-1.8399999999999999  3.759879145447556
-1.8199999999999998  3.4386365765844746
-1.7999999999999998  3.188085933922822
-1.7799999999999998  2.989399027366475
-1.7599999999999998  2.8300720973346345
-1.7399999999999998  2.7014992845467787
-1.7199999999999998  2.597586987893556
-1.6999999999999997  2.5139235379967046
-1.6799999999999997  2.4472614392330163
-1.6599999999999997  2.3951837136465377
-1.6399999999999997  2.3558830328755387
-1.6199999999999997  2.3280124201000527
-1.5999999999999996  2.3105828764028873
-1.5799999999999996  2.3028927810447284
-1.5600000000000005  2.304479558513792
-1.54  2.315087583051978
-1.5200000000000005  2.3346485217436284
-1.5  2.3632718209504175
-1.4800000000000004  2.4012441279351755
-1.46  2.449037307740512
-1.4400000000000004  2.507325505839174
-1.42  2.577012539127329
-1.4000000000000004  2.6592718962981188
-1.38  2.7556029517379854
-1.3600000000000003  2.8679088741125676
-1.3399999999999999  2.9986045021335004
-1.3200000000000003  3.1507667618807558
-1.2999999999999998  3.3283470377021174
-1.2800000000000002  3.536476106891886
-1.2599999999999998  3.781911171550764
-1.2400000000000002  4.073707614641464
-1.2199999999999998  4.424258259642697
-1.2000000000000002  4.850957188069449
-1.1799999999999997  5.378973706569705
-1.1600000000000001  6.04610768687479
-1.1399999999999997  6.911807507756055
-1.12  8.075206834660056
-1.0999999999999996  9.714806483449102
-1.08  12.187680142449391
-1.0599999999999996  16.3270928308418
-1.04  24.632976534338063
-1.0199999999999996  49.6052630763071
-1  -25653051068526160
-0.9799999999999995  -50.451235190115206
-0.96  -25.480161650334367
-0.9399999999999995  -17.17630595692543
-0.9199999999999999  -13.039746156877566
-0.9000000000000004  -10.570564181539902
-0.8799999999999999  -8.935513182744515
-0.8600000000000003  -7.777542127688627
-0.8399999999999999  -6.91817762762351
-0.8200000000000003  -6.25831856938376
-0.7999999999999998  -5.738554681061084
-0.7800000000000002  -5.321130268712313
-0.7599999999999998  -4.980926891308959
-0.7400000000000002  -4.700608755111404
-0.7199999999999998  -4.4678496191769135
-0.7000000000000002  -4.2736700145944075
-0.6799999999999997  -4.111399217911466
-0.6600000000000001  -3.976004964653258
-0.6399999999999997  -3.863648173915882
-0.6200000000000001  -3.771380120562085
-0.5999999999999996  -3.6969326022446185
-0.5800000000000001  -3.638570594050674
-0.5599999999999996  -3.5949881112815114
-0.54  -3.565234877900046
-0.5199999999999996  -3.5486657530503103
-0.5  -3.5449077314256265
-0.47999999999999954  -3.5538413093440555
-0.45999999999999996  -3.5755944693011474
-0.4399999999999995  -3.6105487284084123
-0.41999999999999993  -3.659357805560806
-0.39999999999999947  -3.7229806548173823
-0.3799999999999999  -3.802732073398419
-0.35999999999999943  -3.9003560687930903
-0.33999999999999986  -4.018130032858888
-0.3199999999999994  -4.1590121256825965
-0.3000000000000007  -4.32685114901275
-0.28000000000000025  -4.526689416821613
-0.2599999999999998  -4.765208076153961
-0.2400000000000002  -5.051397442155416
-0.22000000000000064  -5.397595076764073
-0.20000000000000018  -5.821148625683338
-0.17999999999999972  -6.347188973752249
-0.16000000000000014  -7.013484916774752
-0.14000000000000057  -7.879460558841865
-0.1200000000000001  -9.044231654819264
-0.09999999999999964  -10.686287131793998
-0.08000000000000007  -13.162694553845343
-0.0600000000000005  -17.306718400691995
-0.040000000000000036  -25.61829559571157
-0.019999999999999574  -50.597368337833196
0  inf
0.019999999999999574  49.4422096284831
0.040000000000000036  24.46095476121356
0.0600000000000005  16.14572732105022
0.08000000000000007  11.996566258005798
0.09999999999999964  9.513507600206012
0.1200000000000001  7.863251466284265
0.14000000000000057  6.688686115653129
0.16000000000000014  5.811269108246846
0.17999999999999972  5.131821139696355
0.20000000000000018  4.590843667000984
0.22000000000000064  4.1504815393487275
0.2400000000000002  3.7855043734386147
0.2599999999999998  3.478450420110304
0.28000000000000025  3.2168516716296405
0.3000000000000007  2.9915689599020494
0.3200000000000003  2.7957514212178634
0.33999999999999986  2.6241632326407798
0.3600000000000003  2.472734789857523
0.3800000000000008  2.338255635587569
0.40000000000000036  2.218159524224122
0.41999999999999993  2.1103709092516043
0.4400000000000004  2.013193308660774
0.46000000000000085  1.9252268018903864
0.4800000000000004  1.8453061607523178
0.5  1.772453836098219
0.5200000000000005  1.7058437999816265
0.5400000000000009  1.6447734283900108
0.5600000000000005  1.5886414139405505
0.5800000000000001  1.5369302526290447
0.6000000000000005  1.4891922370041448
0.620000000000001  1.4450381636900056
0.6399999999999997  1.4041281612291436
0.6599999999999993  1.366164188249398
0.6799999999999997  1.3308838578627689
0.6999999999999993  1.2980553228723462
0.7199999999999998  1.267473015363461
0.7399999999999993  1.2389540789021956
0.7599999999999998  1.2123353656348637
0.7799999999999994  1.187470896790162
0.7999999999999998  1.1642297053945856
0.8199999999999994  1.1424939958624987
0.8399999999999999  1.1221575675753586
0.8599999999999994  1.103124459410308
0.8799999999999999  1.0853077800099828
0.8999999999999995  1.0686286948498032
0.9199999999999999  1.053015546197461
0.9399999999999995  1.0384030861325553
0.96  1.0247318061034125
0.9799999999999995  1.011947349199157
1  0.9999999890649026
1.0199999999999996  0.9888441925696408
1.04  0.9784381904485433
1.0599999999999996  0.9687436392630183
1.08  0.9597253006404647
1.0999999999999996  0.9513507600205978
1.12  0.9435901759541127
1.1399999999999997  0.936416056191444
1.1600000000000001  0.9298030573194963
1.1799999999999997  0.9237278051453425
1.2000000000000002  0.9181687334001976
1.2199999999999998  0.9131059386567233
1.2400000000000002  0.9085210496252684
1.2599999999999998  0.9043971092286783
1.2800000000000002  0.9007184680563002
1.2999999999999998  0.8974706879706186
1.3200000000000003  0.8946404547897171
1.3399999999999999  0.8922154990978647
1.3600000000000003  0.8901845243487091
1.38  0.888537141523275
1.4000000000000004  0.8872638096896496
1.42  0.8863557818856737
1.4400000000000004  0.8858050558107413
1.46  0.8856043288695808
1.4800000000000004  0.8857469571611133
1.5  0.8862269180491095
1.5200000000000005  0.8870387759904466
1.54  0.8881776513306074
1.5600000000000005  0.889639191806709
1.58  0.891419546524846
1.6000000000000005  0.8935153422024877
1.62  0.8959236614878063
1.6400000000000006  0.8986420231866499
1.6600000000000001  0.9016683642446002
1.6800000000000006  0.9050010233466809
1.7000000000000002  0.9086387260106397
1.7200000000000006  0.912580571061698
1.7400000000000002  0.9168260183876238
1.7600000000000007  0.9213748778824973
1.7800000000000002  0.9262272994963286
1.8000000000000007  0.9313837643156666
1.8200000000000003  0.9368450766072467
1.8400000000000007  0.9426123567632996
1.8600000000000003  0.9486870350928627
1.879999999999999  0.9550708464087861
1.8999999999999995  0.9617658253648224
1.92  0.9687743025016641
1.9399999999999995  0.9760989009646014
1.959999999999999  0.983742533859276
1.9799999999999995  0.9917084022151735
2  0.9999999890649026
2.0199999999999996  1.0086210764210333
2.039999999999999  1.0175757180664866
2.0599999999999996  1.026868257618799
2.08  1.036503324691702
2.0999999999999996  1.0464858360226572
2.119999999999999  1.056820997068608
2.1399999999999997  1.0675143040582458
2.16  1.0785715464906158
2.1799999999999997  1.089998810071504
2.1999999999999993  1.1018024800802386
2.2199999999999998  1.1139892451612021
2.24  1.126566101535333
2.26  1.1395403576281344
2.2799999999999994  1.152919639112064
2.3  1.166711894361804
2.3200000000000003  1.1809254003224268
2.34  1.1955687687911385
2.3599999999999994  1.2106509531142462
2.38  1.2261812553021194
2.4000000000000004  1.2421693335655097
2.42  1.2586252102776565
2.4399999999999995  1.2755592803674674
2.46  1.292982320149588
2.4800000000000004  1.3109054965984481
2.5  1.3293403770736643
2.5199999999999996  1.3482989395054805
2.54  1.3677935830491355
2.5600000000000005  1.3878371392184665
2.58  1.4084428835092568
2.5999999999999996  1.4296245475239753
2.62  1.4513963316102463
2.6400000000000006  1.4737729180261063
2.66  1.4967694846460364
2.6799999999999997  1.5204017192224262
2.7  1.5446858342180876
2.7200000000000006  1.5696385822261212
2.74  1.5952772719944657
2.76  1.621619785073193
2.7800000000000002  1.6486845931034653
2.8000000000000007  1.6764907757682006
2.8200000000000003  1.7050580394251893
2.84  1.7344067364444737
2.8600000000000003  1.7645578852727248
2.880000000000001  1.795533191248516
2.9000000000000004  1.8273550681931634
2.92  1.860046660803195
2.9400000000000004  1.8936318678713244
2.960000000000001  1.9281353663641783
2.9800000000000004  1.9635826363860407
3  1.9999999781298052
3.0199999999999996  2.037414574370487
3.040000000000001  2.0758544648556456
3.0600000000000005  2.115348610694735
3.08  2.15592691535874
3.1000000000000014  2.1976202556475797
3.120000000000001  2.2404605137854428
3.139999999999999  2.2844806106846365
3.16  2.3297145404197304
3.1799999999999997  2.376197405955878
3.1999999999999993  2.423965456176524
3.219999999999999  2.473056124257871
3.24  2.523508067439146
3.26  2.575361208239584
3.2799999999999994  2.628656777175505
3.299999999999999  2.6834373570321377
3.3200000000000003  2.7397469287480303
3.34  2.797630918971264
3.3599999999999994  2.85713624934962
3.379999999999999  2.918311387619047
3.4000000000000004  2.9812064005572236
3.42  3.045873008871929
3.4399999999999995  3.1123646440966195
3.459999999999999  3.180736507567985
3.4800000000000004  3.251045631564152
3.5  3.3233509426841605
3.5199999999999996  3.3977133275538103
3.539999999999999  3.4741957009448066
3.5600000000000005  3.5528630763992752
3.58  3.633782639453883
3.5999999999999996  3.717023823562335
3.619999999999999  3.8026583888188425
3.6400000000000006  3.8907605035889214
3.66  3.9814068291584572
3.6799999999999997  4.074676607516102
3.6999999999999993  4.170651752388841
3.7200000000000006  4.269416943655051
3.74  4.371059725264836
3.76  4.475670606802012
3.7799999999999994  4.583343168827614
3.8000000000000007  4.694174172150963
3.8200000000000003  4.808263671179034
3.84  4.925715131502305
3.8599999999999994  5.046635551879998
3.880000000000001  5.1711355907957275
3.9000000000000004  5.299329697760174
3.92  5.431336249545329
3.9399999999999995  5.567277691541698
3.960000000000001  5.707280684437969
3.9800000000000004  5.851476256430402
4  5.9999999343894155
4.02  6.152992014598869
4.040000000000001  6.310597573161165
4.0600000000000005  6.47296674872589
4.08  6.640254899304919
4.1  6.812622792507496
4.120000000000001  6.990236803010584
4.140000000000001  7.173269117549782
4.16  7.361897947726348
4.18  7.556307750939692
4.200000000000001  7.756689459764905
4.220000000000001  7.963240720110343
4.24  8.176166138502833
4.26  8.395677538861042
4.280000000000001  8.62199422913566
4.300000000000001  8.855343278206087
4.32  9.095959803443462
4.34  9.344087269364021
4.360000000000001  9.599977797814757
4.379999999999999  9.863892490152377
4.399999999999999  10.136101761894523
4.42  10.416885690341996
4.4399999999999995  10.70653437569237
4.459999999999999  11.005348316185225
4.48  11.31363879784325
4.5  11.631728299394561
4.52  11.959950912989411
4.539999999999999  12.298652781344613
4.559999999999999  12.648192551981422
4.58  13.0089418492449
4.6  13.381285764824405
4.619999999999999  13.765623367524206
4.640000000000001  14.162368233063676
4.66  14.571948994719953
4.68  14.994809915659253
4.699999999999999  15.431411483838708
4.719999999999999  15.882231030396671
4.74  16.34776337249049
4.76  16.828521481575564
4.779999999999999  17.32503717816838
4.800000000000001  17.837861854173664
4.82  18.36756722390391
4.84  18.914746104968852
4.859999999999999  19.480013230256787
4.879999999999999  20.064006092287418
4.9  20.66738582126468
4.92  21.29083809821769
4.9399999999999995  21.93507410467429
4.960000000000001  22.600831510374363
4.98  23.288875500593004
5  23.999999737557662
