11000 0.645142761643526 0.005485982035912469
12000 0.6462046312294232 0.0052530856255165875
13000 0.6437034029217387 0.005035862580970123
14000 0.6431549677890268 0.004854282025419462
15000 0.6453466093494474 0.004687498606081828
16000 0.6443382037216279 0.0045439362780408275
17000 0.6445477545559748 0.00440475290694812
18000 0.6456122380449556 0.004278305434319202
19000 0.6455446843619825 0.004161661308750395
20000 0.6465533576151797 0.004056317379701174
21000 0.6464243765513773 0.003952901941249588
22000 0.6471177133997654 0.003864363862711508
23000 0.6479781785067409 0.0037819804329277773
24000 0.6486916434326895 0.0037005542222472232
25000 0.6484826917849748 0.0036242015021239462
26000 0.6483768147010404 0.0035501315918319088
27000 0.6495219492605444 0.0034893794807603264
28000 0.64886941625908 0.003427410275300107
29000 0.6487974609456877 0.0033689813226550343
30000 0.6498370794332933 0.003314981937389388
31000 0.6499824968806677 0.0032606195697359418
32000 0.6502845094059344 0.0032100619627286275
33000 0.6505841525271426 0.003161544573988239
34000 0.6501030928431681 0.003114740563469904
35000 0.6506017029327836 0.00307161090120046
36000 0.6499842171154435 0.003028784116332535
37000 0.65095072585091 0.0029871730134849155
38000 0.6512899740220952 0.0029489677713949434
39000 0.6515183307966477 0.0029096070037588433
40000 0.6510215180698601 0.002871750212483538
41000 0.6509330202839116 0.0028358896191646834
42000 0.6506098569746379 0.002803157579091672
43000 0.6505836484002254 0.0027705357238054515
44000 0.6504037655631453 0.0027396279990683976
45000 0.6503156411769102 0.0027086663769585904
46000 0.6501117644153172 0.002678525489235102
47000 0.6502459070203613 0.0026496338177228918
48000 0.6502377765967343 0.0026224184334414855
49000 0.6503729559769617 0.0025940426762055863
50000 0.6506526450648837 0.00256867533988949
51000 0.6504388322132187 0.0025440087233667887
52000 0.6505968867148174 0.0025196706066704586
53000 0.6507112095600017 0.002495842431316859
54000 0.6509181419868654 0.002472834904678111
55000 0.6507525462910178 0.0024498623906467555
56000 0.6517560363705331 0.0024281245548268
57000 0.6524325008959958 0.0024070880093565736
58000 0.6526846265418547 0.0023867147407852173
59000 0.6522352553052875 0.002366572734746743
60000 0.6523358718804064 0.0023461741731267845
61000 0.6521322688442007 0.0023275720002491904
62000 0.6518880772408423 0.0023087500092139114
63000 0.6517957815622949 0.002291065056594189
64000 0.651939038769431 0.0022732159391007055
65000 0.6516022836594109 0.002256049023036322
66000 0.6510186658436014 0.002238163793642924
67000 0.6508682065355679 0.0022215645653619566
68000 0.6510964328166425 0.0022050403432427802
69000 0.6508997061488976 0.0021881374404074967
70000 0.6511708538039876 0.0021726231048706506
71000 0.6506739291637404 0.0021573394898429864
72000 0.6510225929721101 0.0021420570110148984
73000 0.6507917156010913 0.0021270127290113515
74000 0.650578998164463 0.002112284286175884
75000 0.6504563444425749 0.0020983372795598176
76000 0.650021111534674 0.0020841479391435873
77000 0.6500658263775776 0.0020707847715814966
78000 0.6503127029951855 0.0020579867570169907
79000 0.6504652993806391 0.0020442395130334627
80000 0.6507438758475583 0.002031227625425088
81000 0.6506278294925263 0.0020181461596234748
82000 0.6504278653280212 0.002006335308922433
83000 0.6505378994703443 0.001993963529746846
84000 0.650218847262909 0.0019817739092155193
85000 0.6500886484471837 0.0019703961941276165
86000 0.6502285308078745 0.0019588191450060515
87000 0.6501926823124109 0.0019476357350052987
88000 0.6503963278929084 0.001936871454087051
89000 0.6504777301461151 0.0019264295364856548
90000 0.650419217672426 0.0019156982267266105
91000 0.650521886168515 0.001904916991242741
92000 0.650849337011577 0.0018948598578450411
93000 0.6506854245892811 0.0018846551465521763
94000 0.6506431911455111 0.0018748172192316137
95000 0.6506061352199659 0.001864653614810828
96000 0.6504106051370331 0.001854587887368396
97000 0.6501793860486561 0.001844892273075331
98000 0.650003133993584 0.0018348651570539317
99000 0.6503387750254014 0.00182550277849463
100000 0.6501045692358518 0.0018163989304833537



11000 0.6494074728771427 0.000306584574364277
12000 0.648898888073185 0.0009529347735990346
13000 0.6492100191343718 0.00023371969816365912
14000 0.6489331758553555 0.00028991259750066334
15000 0.6496840040963554 0.0002951808533625533
16000 0.6494841560127707 0.0006205304563401404
17000 0.6491086633662417 0.0009994082186655096
18000 0.6487706495973466 0.0013819926044328357
19000 0.6491728497675643 0.001095515026245164
20000 0.649103279236953 0.0009860801319970802
21000 0.649282698590862 0.0005147336212163456
22000 0.6497868293258701 0.0005210650453805199
23000 0.6494301091352046 0.0009762326575123437
24000 0.6493553861159918 0.0008808766957119074
25000 0.649360239344638 0.0010571928465419322
26000 0.6496211411476054 0.00061618624151627
27000 0.6497497656734019 0.0004387354681382183
28000 0.649523193939023 0.0006101421821579356
29000 0.6496227041593154 0.0005334716469912459
30000 0.6494856772619454 0.000727782753498829
31000 0.6495489489592507 0.0003908305947363244
32000 0.649686935697975 0.00015147535589843386
33000 0.6497667608162604 0.00010641101431485556
34000 0.6498917680713658 0.00003221611267034685
35000 0.6498436887515895 0.00010872500657532758
36000 0.6499744751387087 0.00018607196905451318
37000 0.6499723598599266 0.00004579896609135936
38000 0.6497180893428007 0.00010826244088835146
39000 0.6497462312339942 0.00029932422391287794
40000 0.649828878950233 0.0002266628386271563
41000 0.6499209854767126 0.0002188985222016937
42000 0.6497706129474048 0.0003453278498641854
43000 0.6498704969783916 0.0002808320723485247
44000 0.6496914757154654 0.00037519607730185367
45000 0.6497278581865289 0.00038176478444573725
46000 0.6498391936522444 0.00042408727679354996
47000 0.649838267530966 0.0003348805835368118
48000 0.6495846230075677 0.000611038286263299
49000 0.6495911824698972 0.0006584884953986236
50000 0.6496957858317347 0.0005401921459281533
51000 0.6497189189329647 0.0005215222777470441
52000 0.6497883675985457 0.00026584278174723863
53000 0.6499487860211912 0.00022998567219423283
54000 0.6497806894580046 0.00041270614989863397
55000 0.6497831615237755 0.0005369251469734548
56000 0.6498198764239997 0.00033602166077695284
57000 0.6497801862815529 0.0005006927506405745
58000 0.6498481385144385 0.0003042113512836675
59000 0.6496630930377714 0.00039417852965217826
60000 0.649686519284713 0.0005000880757702886
61000 0.6496266601838392 0.0005467248133219638
62000 0.6496176172594118 0.0004779947624260483
63000 0.6496918716712465 0.0003264491893766319
64000 0.649582619939254 0.00040325243114280873
65000 0.6495729740447315 0.00034315217122482533
66000 0.6496532012720706 0.00039613390469961374
67000 0.6498236030185173 0.00029359634077674723
68000 0.6497899645801606 0.00012667982687231127
69000 0.6496676533745483 0.0002429694803603999
70000 0.6497946600148539 0.00020499334830459404
71000 0.6497103481545874 0.00029864650640754054
72000 0.6498273007851426 0.0002308857782655771
73000 0.6497273779903786 0.00016337228672747006
74000 0.6498212275073616 0.0001970051356734448
75000 0.6497871880646402 0.00016542097707161751
76000 0.6496840784018549 0.0004092754921820596
77000 0.6497690870630316 0.0002745276040381217
78000 0.6496593340662956 0.0004726494980381579
79000 0.6497045494607059 0.0004055338159743016
80000 0.6496121492863804 0.00044517974086200063
81000 0.64969258246502 0.0004678833645161973
82000 0.6497131948286258 0.00040017783089774106
83000 0.6497451844807144 0.00033404060985298134
84000 0.6498270837751726 0.00018013043149500696
85000 0.6497566634090658 0.00028911062819503286
86000 0.6497567024020203 0.0002260312782279561
87000 0.6497899119233316 0.0002538166577973344
88000 0.6498479173320015 0.00017137953944368345
89000 0.6498473794569956 0.0001167384804479088
90000 0.6497624629641532 0.0002873806117078548
91000 0.649863495110436 0.00020521315065435974
92000 0.6497751508506202 0.00031265511961531267
93000 0.6498301229699912 0.00032658829157816704
94000 0.6498296195745656 0.00014873933741477163
95000 0.6498349692505688 0.00023437674669357644
96000 0.649825903858853 0.00017550067913763012
97000 0.6498235377112375 0.00020170424626242411
98000 0.6498414229532544 0.00020381807502545257
99000 0.6498440395014041 0.0002978671202238381
